 0.0 0.0 0.0 0.0 1 1 1 0.0
 0.006971773 -0.006971958 0.41940904 -0.41940904 1 1 1 3.4235884E-5
 0.015893567 -0.01591215 0.53432274 -0.5354182 1 1 1 3.287103E-6
 0.024484614 -0.024565842 0.51342297 -0.5171795 1 1 1 -4.792586E-5
 0.032748688 -0.032977436 0.4951004 -0.50400233 1 1 1 2.5056303E-5
 0.040837415 -0.041458253 0.48649567 -0.5102727 1 1 1 9.51048E-5
 0.04863302 -0.050422743 0.46413654 -0.53531396 1 1 1 1.1616945E-4
 0.055069566 -0.06062541 0.3846884 -0.6154773 1 1 1 4.394427E-4
 0.056982275 -0.075385086 0.1035311 -0.8958296 1 1 1 0.0014611669
 0.054288078 -0.09487031 -0.16799948 -1.1731263 1 1 1 0.002297841
 0.05197309 -0.11473095 -0.13865057 -1.2015805 1 1 1 0.0020122044
 0.05053106 -0.13335568 -0.09140729 -1.1224271 1 1 1 0.0012462586
 0.049929857 -0.15064272 -0.042271465 -1.0412208 1 0 1 5.242117E-4
 0.050083313 -0.16696784 0.004928902 -0.98537856 1 0 1 -8.195266E-5
 0.0510196 -0.1825666 0.052229304 -0.94191587 1 0 1 -7.887706E-4
 0.052800838 -0.19742952 0.1018829 -0.89652324 1 0 1 -0.0014669783
 0.0554761 -0.21146047 0.15449502 -0.8451474 1 0 1 -0.0022130348
 0.059087038 -0.22457246 0.20993733 -0.78918636 1 0 1 -0.0030249543
 0.06362425 -0.23667678 0.26814094 -0.73029786 1 0 1 -0.0037998557
 0.06914442 -0.24773909 0.32904544 -0.66914713 1 0 1 -0.0046897344
 0.07578839 -0.25780287 0.3928184 -0.6054007 1 0 1 -0.005563725
 0.08349548 -0.2667343 0.45966616 -0.5386022 1 0 1 -0.006490033
 0.092337795 -0.2744801 0.5296574 -0.46865055 1 0 1 -0.0074383058
 0.10245387 -0.28108037 0.60292006 -0.39541265 1 0 1 -0.0085145645
 0.113760635 -0.28634107 0.67962706 -0.3187437 1 0 1 -0.00954302
 0.12649983 -0.29038855 0.7599042 -0.2385234 1 0 1 -0.01071338
 0.14053269 -0.29298025 0.843913 -0.15463226 1 0 1 -0.011827383
 0.15600765 -0.29409888 0.93180627 -0.06687746 1 0 1 -0.012970224
 0.17307898 -0.29377407 1.0237175 0.024847127 1 0 1 -0.014284931
 0.19167876 -0.29180172 1.1197553 0.120568156 1 0 1 -0.0155937
 0.21201625 -0.2882607 1.2201157 0.220578 1 0 1 -0.016888559
 0.23403941 -0.2829297 1.3249947 0.32511848 1 0 1 -0.018313006
 0.25788426 -0.27580342 1.4344763 0.43405128 1 0 1 -0.019656762
 0.27542305 -0.27054983 1.054421 0.33237946 1 1 1 -0.014317602
 0.295234 -0.26987118 1.1916076 0.03919493 0 1 1 -0.012745559
 0.31259558 -0.26969883 1.0472744 0.016619246 0 1 1 -0.010956645
 0.32826248 -0.27071393 0.9392734 -0.055888902 0 1 1 -0.009197369
 0.34241834 -0.27317673 0.85158384 -0.14772151 0 1 1 -0.007450819
 0.35504067 -0.2772942 0.75826526 -0.24305889 0 1 1 -0.005703509
 0.36603817 -0.28302202 0.65885156 -0.3426104 0 1 1 -0.0039315373
 0.37522697 -0.29046828 0.5540739 -0.44752097 0 1 1 -0.0020917207
 0.38269073 -0.2998201 0.44365466 -0.5581579 0 1 1 -3.901571E-4
 0.38811955 -0.31102377 0.3271835 -0.6748539 0 1 1 0.0014835894
 0.39162564 -0.32434416 0.20462513 -0.7975968 0 1 1 0.0032037348
 0.39290774 -0.33972096 0.076042935 -0.92639035 0 1 1 0.0050442964
 0.39203268 -0.35738528 -0.0583665 -1.0609454 0 1 1 0.006818384
 0.36960027 -0.36915678 -1.3506246 -0.7479927 0 1 2 0.0097664
 0.36208433 -0.36157933 -0.44148433 0.44586825 1 1 2 0.0042795837
 0.35262388 -0.352115 -0.5782983 0.5806212 1 1 2 0.004266754
 0.34389612 -0.34337947 -0.5267159 0.5275191 1 1 2 0.0043135434
 0.3356353 -0.3351063 -0.49675596 0.49738738 1 1 2 0.0042663217
 0.3273809 -0.3268372 -0.49557462 0.49622214 1 1 2 0.0042751133
 0.31902465 -0.31846303 -0.49891415 0.49974516 1 1 2 0.0043071806
 0.3107681 -0.31018803 -0.49991477 0.50077075 1 1 2 0.0042376816
 0.30244026 -0.30184126 -0.49973083 0.50061125 1 1 2 0.00429523
 0.29409125 -0.29349554 -0.49955547 0.5004614 1 1 2 0.004251942
 0.28578493 -0.28517056 -0.499427 0.5005418 1 1 2 0.004292935
 0.27747104 -0.27681646 -0.49951893 0.5004806 1 1 2 0.0042951703
 0.2691255 -0.2684664 -0.49951145 0.5005045 1 1 2 0.0042506307
 0.26081905 -0.26013806 -0.49939293 0.5006175 1 1 2 0.0042920113
 0.25253642 -0.25183067 -0.49937406 0.50063896 1 1 2 0.0042418838
 0.24419083 -0.24345571 -0.49924237 0.5007658 1 1 2 0.0042975843
 0.23591153 -0.23516189 -0.49921787 0.50079495 1 1 2 0.0042396486
 0.22757201 -0.22679304 -0.49918532 0.5008197 1 1 2 0.004295796
 0.21926485 -0.21845357 -0.4991587 0.5008563 1 1 2 0.0042907596
 0.21093369 -0.2101019 -0.49912375 0.50088835 1 1 2 0.004246041
 0.20263849 -0.20176889 -0.4989568 0.50105035 1 1 2 0.0042885244
 0.1943181 -0.19341911 -0.49891475 0.5010977 1 1 2 0.004244007
 0.18599564 -0.18504016 -0.49872485 0.501283 1 1 2 0.004292883
 0.17773493 -0.17673948 -0.49866778 0.50134474 1 1 2 0.004234858
 0.16940835 -0.16836265 -0.49859995 0.50140435 1 1 2 0.0042917877
 0.15304813 -0.16787215 -0.97937673 0.030980194 0 1 2 0.0069528893
 0.1447905 -0.16033015 -0.49522936 0.4520862 1 1 2 0.0044140816
 0.13592015 -0.15234804 -0.53189147 0.478976 1 1 2 0.004441969
 0.12705104 -0.14443158 -0.53285867 0.47575977 1 1 2 0.0045024306
 0.1182082 -0.1366511 -0.53221595 0.46856225 1 1 2 0.0044864193
 0.10924834 -0.12889121 -0.53536546 0.46382606 1 1 2 0.004603043
 0.10027243 -0.12128659 -0.5409644 0.45877406 1 1 2 0.0045487434
 0.09112074 -0.11371244 -0.5471929 0.4528428 1 1 2 0.0047069117
 0.08533601 -0.114654504 -0.39297786 -0.03197056 1 1 3 0.0051453486
 0.07896096 -0.121082306 -0.38600245 -0.38266042 1 0 3 0.0054148138
 0.072943546 -0.12832658 -0.35150933 -0.44242564 1 0 3 0.0050583296
 0.06799703 -0.13408841 -0.29573828 -0.3459261 1 0 3 0.0041824467
 0.063959666 -0.13810769 -0.24017948 -0.24309419 1 0 3 0.0034249648
 0.060815368 -0.14113887 -0.19119918 -0.1797097 1 0 3 0.002648566
 0.05837257 -0.14346127 -0.14621583 -0.1395799 1 0 3 0.002058994
 0.05666765 -0.14515266 -0.10211579 -0.101879194 1 0 3 0.0014684014
 0.055711318 -0.14615113 -0.057744782 -0.059560847 1 0 3 8.2686543E-4
 0.05550165 -0.14640036 -0.013175452 -0.014301425 1 0 3 1.3694912E-4
 0.056033026 -0.14588754 0.031432636 0.03131857 1 0 3 -4.087463E-4
 0.05726411 -0.1445791 0.076036625 0.07631621 1 0 3 -0.001091931
 0.059291445 -0.14257155 0.12091797 0.12123066 1 0 3 -0.0016945712
 0.06207193 -0.13980249 0.16629604 0.16658625 1 0 3 -0.0023407303
 0.06561729 -0.13626102 0.21238929 0.21273178 1 0 3 -0.0030393973
 0.06994094 -0.1319332 0.25943232 0.2598969 1 0 3 -0.0036484078
 0.0750688 -0.12679456 0.30757207 0.30814922 1 0 3 -0.004312616
 0.080973804 -0.12079079 0.356992 0.35765758 1 0 3 -0.005026456
 0.08781926 -0.114027515 0.40791258 0.40867063 1 0 3 -0.0057690553
 0.09548885 -0.10632737 0.4605776 0.46144822 1 0 3 -0.00650109
 0.101931036 -0.09989917 0.40922192 0.4079368 1 1 3 -0.0057449564
 0.10742934 -0.09412112 0.3304673 0.34685224 1 1 3 -0.00486362
 0.11246191 -0.08920335 0.30055225 0.29617402 1 1 3 -0.004155442
 0.116660945 -0.08515347 0.25107318 0.24372077 0 1 3 -0.0034918338
 0.119881414 -0.081954665 0.19414762 0.19106638 0 1 3 -0.0026761591
 0.12219409 -0.07961921 0.13940777 0.1394358 0 1 3 -0.0019595101
 0.12369325 -0.0781691 0.08818573 0.08881585 0 1 3 -0.0012395307
 0.12431655 -0.07750234 0.03853181 0.038733803 0 1 3 -5.5113435E-4
 0.12415828 -0.07771651 -0.011079198 -0.011197136 0 1 3 1.2169778E-4
 0.12311881 -0.078716174 -0.061173696 -0.06125702 0 1 3 9.021759E-4
 0.12124239 -0.080559686 -0.1116562 -0.11157674 0 1 3 0.0015808642
 0.11851837 -0.08325453 -0.16255924 -0.16232957 0 1 3 0.0023101866
 0.11497985 -0.08684767 -0.2141428 -0.21377933 0 1 3 0.0029907674
 0.11051581 -0.091263086 -0.26664692 -0.2661627 0 1 3 0.0037383363
 0.10656606 -0.09529983 -0.2528298 -0.25424096 1 1 3 0.0035372004
 0.10336539 -0.098399125 -0.19962569 -0.2002797 1 1 3 0.0028291568
 0.10107142 -0.10067201 -0.140626 -0.13378412 1 1 3 0.0019613132
 0.099595875 -0.10212333 -0.086377084 -0.08900364 1 1 3 0.0012651235
 0.09907022 -0.102690816 -0.03104744 -0.03448356 1 1 3 4.048869E-4
 0.09935991 -0.1023701 0.018716587 0.019865518 1 1 0 -2.2990257E-4
 0.10015213 -0.10157019 0.050655458 0.050617613 1 1 0 -6.970763E-4
 0.10123376 -0.10048283 0.06886127 0.06883799 1 1 0 -9.713024E-4
 0.102345 -0.09936605 0.07068828 0.0706999 1 1 0 -9.848103E-4
 0.103272356 -0.09843332 0.058947682 0.058989886 1 1 0 -8.529499E-4
 0.10387289 -0.09782772 0.038401414 0.038446084 1 1 0 -5.145669E-4
 0.10410054 -0.097595975 0.0145971365 0.014618402 1 1 0 -2.0020455E-4
 0.104024775 -0.097752124 -0.0074080317 -0.0074196192 1 1 0 4.7579408E-5
 0.10363804 -0.098117515 -0.023846619 -0.023882648 1 1 0 3.6402792E-4
 0.10311613 -0.09862444 -0.032686654 -0.032729987 1 1 0 4.7486275E-4
 0.10257963 -0.09915003 -0.033729456 -0.033765256 1 1 0 4.3430924E-4
 0.10213068 -0.09959097 -0.028236976 -0.02826083 1 1 0 4.421994E-4
 0.10183405 -0.09988176 -0.018521402 -0.018532246 1 1 0 2.290234E-4
 0.101719 -0.099992275 -0.007169794 -0.0071732346 1 1 0 9.958446E-5
 0.10177212 -0.09993566 0.003364591 0.0033660363 1 1 0 -2.3946166E-5
 0.101947136 -0.099758096 0.011252327 0.011257117 1 1 0 -1.7612427E-4
 0.10219165 -0.099511325 0.015537864 0.0155461235 1 1 0 -2.0698458E-4
 0.10248491 -0.09929867 0.016091479 0.01610173 1 1 0 -2.6463717E-4
 0.10264539 -0.09903346 0.013526169 0.01353657 1 1 0 -1.3748556E-4
 0.10282992 -0.098935194 0.008922832 0.00893063 1 1 0 -1.6578287E-4
 0.10287626 -0.09887102 0.0035131716 0.0035164375 1 1 0 -2.400577E-5
 0.1028448 -0.0988892 -0.0015213224 -0.0015227753 1 1 0 1.1906028E-5
 0.102756836 -0.09896721 -0.005307446 -0.0053125136 1 1 0 8.65981E-5
 0.1026367 -0.09908027 -0.0073838164 -0.007390474 1 1 0 1.0133535E-4
 0.1025127 -0.09919898 -0.0076804627 -0.007686985 1 1 0 1.0333955E-4
 0.102408856 -0.09929882 -0.0064797765 -0.006484937 1 1 0 9.460002E-5
 0.10238062 -0.099406645 -0.0042954865 -0.004298678 1 1 0 2.5175512E-5
 0.10234316 -0.09942152 -0.0017186841 -0.0017199143 1 1 0 6.1675906E-5
 0.10234583 -0.09940188 6.8287534E-4 6.833447E-4 1 1 0 -3.695488E-6
 0.10237663 -0.09935803 0.0024971196 0.0024988416 1 1 0 -6.470829E-5
 0.10242866 -0.09929615 0.0035119536 0.0035145588 1 1 0 -2.4557114E-5
 0.102481216 -0.09923625 0.003664792 0.003667513 1 1 0 -7.352978E-5
 0.10252891 -0.09918299 0.003112306 0.0031147804 1 1 0 -2.1994114E-5
 0.10260016 -0.099190235 0.0020724272 0.002074078 1 1 0 -6.825477E-5
 0.102560654 -0.09912339 8.459414E-4 8.4664335E-4 1 1 0 4.925579E-5
 0.102598384 -0.09917112 -3.0665533E-4 -3.0690437E-4 1 1 0 -5.1632524E-5
 0.10252863 -0.099139795 -0.0011824484 -0.0011834083 1 1 0 6.347895E-5
 0.10250655 -0.09916859 -0.0016656286 -0.0016670029 1 1 0 1.1503696E-5
 0.1024807 -0.099199526 -0.0017508059 -0.0017521984 1 1 0 1.2226403E-5
 0.10250141 -0.0992652 -0.0014863667 -0.0014875489 1 1 0 4.477799E-6
 0.109746605 -0.10639382 0.43818098 -0.4299471 1 1 1 1.6614795E-5
 0.11912514 -0.11478389 0.56416124 -0.49907607 1 1 1 -3.0979514E-5
 0.12976405 -0.12121969 0.64902943 -0.37305075 1 1 1 -1.4582276E-4
 0.14410464 -0.12271828 0.8608962 -0.08362824 1 1 1 -4.5095384E-4
 0.16129209 -0.12231027 1.0337809 0.025253069 0 1 1 -3.2277405E-4
 0.17812683 -0.12297092 1.0140636 -0.042616967 0 1 1 5.8653206E-4
 0.19319934 -0.12505725 0.90464175 -0.12380781 0 1 1 0.001719974
 0.20641732 -0.12855376 0.79255825 -0.20674405 0 1 1 0.002865769
 0.2180585 -0.13334222 0.7019052 -0.2887849 0 1 1 0.0041414723
 0.22842655 -0.13955076 0.622528 -0.37144363 0 1 1 0.0051935166
 0.23747003 -0.14718668 0.54168785 -0.4565673 0 1 1 0.0064108074
 0.24506001 -0.15626009 0.45509207 -0.54472244 0 1 1 0.0076346695
 0.25115287 -0.16687483 0.3635706 -0.6359693 0 1 1 0.008903742
 0.25564948 -0.17902714 0.26867294 -0.73030335 0 1 1 0.010193542
 0.2585467 -0.19282293 0.1710019 -0.8278389 0 1 1 0.011538893
 0.25975713 -0.20826764 0.070240594 -0.9287927 0 1 1 0.0129057765
 0.2592679 -0.22547826 -0.033985343 -1.0333622 0 1 1 0.014277041
 0.25697976 -0.24446926 -0.14193787 -1.1417347 0 1 1 0.015755937
 0.25278497 -0.26528594 -0.2539729 -1.2541533 0 1 1 0.01724428
 0.24907933 -0.28151965 -0.24543534 -0.9743818 1 1 1 0.012862712
 0.24926203 -0.29997426 0.014626242 -1.1117644 1 0 1 0.011384234
 0.24985719 -0.3166858 0.02730776 -1.0035878 1 0 1 0.009727269
 0.2512408 -0.33194017 0.07957089 -0.91680884 1 0 1 0.008044794
 0.25380695 -0.34602463 0.15256585 -0.8467225 1 0 1 0.0064359754
 0.2576789 -0.35883516 0.23052444 -0.7707877 1 0 1 0.0047028214
 0.26294842 -0.37033135 0.31366235 -0.6878501 1 0 1 0.0030726641
 0.2697055 -0.3803181 0.4029876 -0.59857684 1 0 1 0.0012888163
 0.27800933 -0.3886672 0.49897385 -0.5028253 1 0 1 -3.6635995E-4
 0.28799367 -0.3953526 0.6016335 -0.40031335 1 0 1 -0.0021355748
 0.2998631 -0.40025327 0.7112598 -0.29090846 1 0 1 -0.0039218664
 0.31366923 -0.40321836 0.8278195 -0.17455629 1 0 1 -0.0057062507
 0.32943186 -0.4040778 0.95115113 -0.051406782 1 0 1 -0.0073901713
 0.34741297 -0.402862 1.0809511 0.07830052 1 0 1 -0.009187639
 0.3676588 -0.3994242 1.2166914 0.21387541 1 0 1 -0.010971844
 0.39024696 -0.39361495 1.3576527 0.35473618 1 0 1 -0.012741476
 0.399948 -0.39836517 0.58534193 -0.26426974 1 1 1 -0.0045514107
 0.40936673 -0.40778753 0.5730001 -0.56975424 1 1 1 -0.0028032959
 0.41767824 -0.41621363 0.4923495 -0.5107494 1 1 1 -0.0027134418
 0.4259944 -0.4245517 0.49706846 -0.4998477 1 1 1 -0.002785802
 0.43431938 -0.4329008 0.49922574 -0.5006048 1 1 1 -0.0027292669
 0.44265303 -0.4413063 0.49931756 -0.5007411 1 1 1 -0.0027748942
 0.4509606 -0.4496237 0.49929896 -0.5007097 1 1 1 -0.0027639866
 0.45933706 -0.45802662 0.49930966 -0.5006908 1 1 1 -0.002774328
 0.46766934 -0.46634936 0.49932435 -0.5006765 1 1 1 -0.0027624965
 0.47598332 -0.47468087 0.49933848 -0.5006624 1 1 1 -0.002717197
 0.48430637 -0.48307496 0.49935007 -0.5006471 1 1 1 -0.0027638078
 0.4926723 -0.4913995 0.49941877 -0.5005867 1 1 1 -0.0027602315
 0.5009616 -0.49978253 0.49937716 -0.50062007 1 1 1 -0.0027148128
 0.5093254 -0.50815594 0.4994893 -0.5005125 1 1 1 -0.0027611554
 0.5176528 -0.5164576 0.49950075 -0.5004993 1 1 1 -0.0027508736
 0.52597946 -0.52483857 0.4994613 -0.5005371 1 1 1 -0.0027557015
 0.5343645 -0.53321624 0.4994723 -0.50052893 1 1 1 -0.0027588904
 0.54265827 -0.541571 0.49952868 -0.50047237 1 1 1 -0.002707243
 0.5510234 -0.549928 0.49958107 -0.50041544 1 1 1 -0.0027534962
 0.5593664 -0.5582827 0.49954578 -0.5004534 1 1 1 -0.002750069
 0.5676971 -0.5666335 0.49955457 -0.50044596 1 1 1 -0.002747506
 0.57602066 -0.574981 0.499562 -0.5004369 1 1 1 -0.0027454495
 0.58440375 -0.58333695 0.49956983 -0.500429 1 1 1 -0.0027500987
 0.5927591 -0.59169245 0.49957746 -0.5004211 1 1 1 -0.0027465224
 0.6010984 -0.6000449 0.49958494 -0.50041354 1 1 1 -0.0027438104
 0.60942864 -0.6083944 0.4995924 -0.5004059 1 1 1 -0.0027023852
 0.61775446 -0.61674106 0.4996381 -0.50035864 1 1 1 -0.0027402043
 0.6260775 -0.6250863 0.4996459 -0.50035363 1 1 1 -0.0027389228
 0.634464 -0.6334388 0.49965116 -0.5003466 1 1 1 -0.0027441978
 0.64276654 -0.6418491 0.4996572 -0.5003406 1 1 1 -0.0027026236
 0.65113956 -0.6501727 0.49969885 -0.5002971 1 1 1 -0.0027389228
 0.6594909 -0.6585078 0.4997057 -0.5002933 1 1 1 -0.002737224
 0.66783684 -0.66691405 0.4997098 -0.50028735 1 1 1 -0.00274238
 0.67617154 -0.6752312 0.4997147 -0.50028247 1 1 1 -0.0027324855
 0.6845065 -0.6836261 0.49971947 -0.5002775 1 1 1 -0.0027388334
 0.69283503 -0.69193625 0.49972406 -0.5002728 1 1 1 -0.002729714
 0.7012316 -0.7003328 0.49969465 -0.50030035 1 1 1 -0.0027430952
 0.70953274 -0.70864207 0.4997349 -0.5002652 1 1 1 -0.002689004
 0.7179138 -0.7170362 0.49973467 -0.5002563 1 1 1 -0.0027402341
 0.7262765 -0.7254135 0.49977618 -0.50022584 1 1 1 -0.0027723312
 0.7346238 -0.73371464 0.4997459 -0.50025004 1 1 1 -0.0026912391
 0.7429665 -0.74210244 0.49974757 -0.50024325 1 1 1 -0.0027340353
 0.75130635 -0.7504756 0.49978715 -0.5002146 1 1 1 -0.0027319193
 0.7596439 -0.75884026 0.49978665 -0.500207 1 1 1 -0.00273031
 0.755433 -0.75447524 -0.24935201 0.17658292 1 1 2 -0.0024392009
 0.7463533 -0.7454164 -0.55890685 0.55952966 1 1 2 -0.0023972392
 0.73741573 -0.73641896 -0.5515606 0.55207235 1 1 2 -0.002439022
 0.72901016 -0.72803277 -0.505705 0.50626194 1 1 2 -0.0023878217
 0.7207732 -0.719736 -0.4950155 0.49551436 1 1 2 -0.0024127662
 0.71246874 -0.7114501 -0.49779505 0.4983664 1 1 2 -0.0024265945
 0.70417285 -0.7031548 -0.49979866 0.50038093 1 1 2 -0.002440393
 0.69582915 -0.69480056 -0.49993217 0.5005892 1 1 2 -0.0023953319
 0.6875309 -0.68648565 -0.49972704 0.5003952 1 1 2 -0.0024019778
 0.67919505 -0.6781908 -0.4996822 0.5002946 1 1 2 -0.002437234
 0.67089725 -0.66984487 -0.4996827 0.5003055 1 1 2 -0.0023989677
 0.6626248 -0.661536 -0.49968946 0.50032294 1 1 2 -0.002442658
 0.65430504 -0.6532428 -0.49964923 0.5003644 1 1 2 -0.0024023056
 0.64595026 -0.644891 -0.49967822 0.5003339 1 1 2 -0.0023939312
 0.63764346 -0.6365739 -0.49967298 0.5003401 1 1 2 -0.0024400651
 0.6293683 -0.6282801 -0.4996289 0.5003819 1 1 2 -0.0024454594
 0.62104005 -0.6199294 -0.4996218 0.5003881 1 1 2 -0.0023972094
 0.6127491 -0.61161387 -0.4996172 0.50039715 1 1 2 -0.0024037957
 0.6044186 -0.60331243 -0.49960953 0.5004032 1 1 2 -0.0024412572
 0.5961208 -0.59496087 -0.49960035 0.5004084 1 1 2 -0.0024005473
 0.5877832 -0.5866363 -0.49959564 0.50041825 1 1 2 -0.0023997128
 0.5794891 -0.5783336 -0.49958768 0.50042516 1 1 2 -0.0024456382
 0.57121104 -0.5699849 -0.49957794 0.5004307 1 1 2 -0.0024435222
 0.56288624 -0.5616619 -0.49952912 0.50048333 1 1 2 -0.0024018288
 0.5546002 -0.5533603 -0.4995211 0.50049293 1 1 2 -0.002447933
 0.5462635 -0.5449999 -0.49950948 0.50049955 1 1 2 -0.0023982525
 0.53796625 -0.53667504 -0.49950278 0.5005114 1 1 2 -0.0024460554
 0.5296345 -0.5283602 -0.4994455 0.50056547 1 1 2 -0.0024032295
 0.5213319 -0.5199985 -0.49943575 0.5005774 1 1 2 -0.002402097
 0.51299196 -0.5116608 -0.4994243 0.50058806 1 1 2 -0.0024431199
 0.50469655 -0.5033463 -0.49941072 0.50059724 1 1 2 -0.0024072677
 0.49642906 -0.49505046 -0.49940223 0.5006122 1 1 2 -0.0024536252
 0.4881028 -0.48669213 -0.4993874 0.5006216 1 1 2 -0.002401948
 0.47975123 -0.47834983 -0.49937776 0.50063694 1 1 2 -0.0024016649
 0.4714489 -0.47002876 -0.49936396 0.5006489 1 1 2 -0.0024503917
 0.46317792 -0.46172604 -0.4992951 0.50071454 1 1 2 -0.0024550408
 0.45484886 -0.4533609 -0.49927986 0.500729 1 1 2 -0.002402991
 0.4465556 -0.44502944 -0.4992677 0.5007477 1 1 2 -0.0024521798
 0.43822992 -0.43670148 -0.4991921 0.50081867 1 1 2 -0.002407208
 0.42994604 -0.42838892 -0.4991755 0.5008376 1 1 2 -0.0024558157
 0.42160878 -0.42001346 -0.49915448 0.5008532 1 1 2 -0.0024035573
 0.41331086 -0.4116714 -0.49907857 0.5009386 1 1 2 -0.0024099052
 0.4049816 -0.40333387 -0.4991162 0.5008927 1 1 2 -0.0024523437
 0.39669612 -0.3950124 -0.49903226 0.500978 1 1 2 -0.002413556
 0.38837966 -0.38668475 -0.49901077 0.501003 1 1 2 -0.0024556518
 0.38008046 -0.37831256 -0.49891782 0.50109196 1 1 2 -0.0024098158
 0.37177208 -0.37000898 -0.4988929 0.50112027 1 1 2 -0.0024597496
 0.37011424 -0.36770394 -0.10915623 0.18518749 1 1 3 -0.002157122
 0.37005335 -0.36765495 -0.004520334 0.005112865 1 1 3 -9.008944E-4
 0.37020215 -0.36778763 0.008539451 -0.006760661 1 1 3 -9.983778E-5
 0.37006617 -0.36786324 -0.011844058 -0.0118543105 1 1 3 1.6281009E-4
 0.37005368 -0.36791185 -0.005665183 -0.0056755915 1 1 3 5.1528215E-5
 0.37003052 -0.36788127 8.681567E-5 8.694941E-5 1 1 3 3.3080578E-6
 0.37004888 -0.36790383 0.0010127849 0.0010140664 1 1 3 -1.2859702E-5
 0.37003827 -0.36786422 3.3613108E-4 3.365668E-4 1 1 3 6.4074993E-7
 0.3700462 -0.3678998 -5.7350648E-5 -5.7411635E-5 1 1 3 -2.8014183E-6
 0.37003294 -0.3678647 -7.9896025E-5 -8.0007376E-5 1 1 3 4.4852495E-6
 0.370043 -0.36789948 -1.6062779E-5 -1.6069025E-5 1 1 3 -3.2931566E-6
 0.3700316 -0.36786348 6.5736276E-6 6.5821023E-6 1 1 3 3.5762787E-6
 0.37004235 -0.36789823 6.760167E-6 6.7970122E-6 1 1 3 -3.5613775E-6
 0.37003103 -0.3678626 -4.802265E-7 -4.895579E-7 1 1 3 3.606081E-6
 0.37004182 -0.3678977 3.3863182E-7 3.4053124E-7 1 1 3 -3.5315752E-6
 0.3700306 -0.36786228 -1.480523E-6 -1.5110733E-6 1 1 3 3.606081E-6
 0.37004155 -0.36789745 1.1252191E-6 1.1238442E-6 1 1 3 -3.5613775E-6
 0.37003043 -0.3678621 -1.0657097E-6 -1.0388102E-6 1 1 3 3.5911798E-6
 0.3700414 -0.3678973 1.14622E-6 1.1512448E-6 1 1 3 -3.5613775E-6
 0.3700303 -0.367862 -1.1203933E-6 -1.1303283E-6 1 1 3 3.5762787E-6
 0.37004134 -0.36789724 1.1045988E-6 1.1136458E-6 1 1 3 -3.5762787E-6
 0.37003028 -0.36786196 -1.1299842E-6 -1.1186298E-6 1 1 3 3.5762787E-6
 0.37004134 -0.36789724 1.1338552E-6 1.1396534E-6 1 1 3 -3.5762787E-6
 0.37003028 -0.36786196 -1.1154566E-6 -1.1181921E-6 1 1 3 3.5762787E-6
 0.37004134 -0.36789724 1.1129671E-6 1.1318627E-6 1 1 3 -3.5762787E-6
 0.37003028 -0.36786196 -1.1155504E-6 -1.1315032E-6 1 1 3 3.5762787E-6
