 0.0 0.0 0.0 0.0 1 1 2 0.0
 -0.0069719576 0.006971774 -0.41940904 0.41940904 1 1 2 7.1893446E-6
 -0.015912151 0.01589357 -0.5354182 0.53432274 1 1 2 -5.842652E-6
 -0.024565846 0.024484618 -0.5171796 0.51342285 1 1 2 -9.5665455E-6
 -0.032977436 0.03274869 -0.5040025 0.49510026 1 1 2 4.616566E-5
 -0.041458268 0.040837407 -0.5102731 0.48649532 1 1 2 2.8014183E-5
 -0.050422773 0.048632994 -0.5353151 0.46413538 1 1 2 1.9451976E-4
 -0.06062548 0.055069502 -0.6154807 0.38468495 1 1 2 3.984049E-4
 -0.07538535 0.056982037 -0.8958402 0.103520535 1 1 2 0.0014359765
 -0.09487061 0.054287855 -1.1731275 -0.16799879 1 1 2 0.0023816414
 -0.1147312 0.05197289 -1.2015783 -0.1386494 1 1 2 0.0019099861
 -0.13335589 0.05053088 -1.1224251 -0.09140618 1 1 2 0.0012667626
 -0.15064292 0.04992969 -1.0412197 -0.04227046 0 1 2 6.0173124E-4
 -0.16696805 0.050083153 -0.9853778 0.0049298117 0 1 2 -1.507774E-4
 -0.1825668 0.051019445 -0.94191504 0.052230235 0 1 2 -7.8611076E-4
 -0.19742973 0.052800696 -0.89652234 0.10188382 0 1 2 -0.0014838427
 -0.21146062 0.05547601 -0.84514636 0.15449597 0 1 2 -0.0022311062
 -0.22457267 0.0590869 -0.7891853 0.20993835 0 1 2 -0.0029414296
 -0.23667692 0.06362418 -0.73029685 0.26814193 0 1 2 -0.0038177818
 -0.24773921 0.06914438 -0.6691461 0.3290464 0 1 2 -0.004712999
 -0.257803 0.075788386 -0.6053997 0.39281934 0 1 2 -0.0055232346
 -0.26673442 0.08349547 -0.53860116 0.4596673 0 1 2 -0.0065081716
 -0.27448022 0.092337795 -0.46864936 0.5296586 0 1 2 -0.0075113326
 -0.28108045 0.10245393 -0.39541146 0.6029212 0 1 2 -0.008476272
 -0.28634116 0.113760695 -0.31874272 0.67962813 0 1 2 -0.009574637
 -0.29038864 0.1264999 -0.2385224 0.7599052 0 1 2 -0.010621354
 -0.2929803 0.1405328 -0.15463136 0.843914 0 1 2 -0.011808544
 -0.29409888 0.15600783 -0.066876546 0.9318071 0 1 2 -0.013051733
 -0.29377407 0.17307921 0.024848077 1.0237184 0 1 2 -0.014254972
 -0.29180172 0.19167902 0.12056903 1.1197562 0 1 2 -0.015587032
 -0.2882607 0.21201652 0.22057898 1.2201166 0 1 2 -0.016865566
 -0.28292966 0.23403974 0.32511947 1.3249955 0 1 2 -0.018312499
 -0.27580345 0.25788456 0.43405187 1.434477 0 1 2 -0.019710481
 -0.27054986 0.2754233 0.33238024 1.0544215 1 1 2 -0.014265686
 -0.26987115 0.29523435 0.039195765 1.1916084 1 0 2 -0.012747496
 -0.26969883 0.31259596 0.016620092 1.0472753 1 0 2 -0.010992795
 -0.27071396 0.32826287 -0.05588803 0.9392743 1 0 2 -0.009186536
 -0.2731768 0.34241876 -0.14772062 0.85158473 1 0 2 -0.007441744
 -0.27729422 0.35504115 -0.24305801 0.75826627 1 0 2 -0.005693838
 -0.28302202 0.36603868 -0.34260952 0.6588525 1 0 2 -0.003925517
 -0.29046828 0.37522748 -0.44752 0.5540748 1 0 2 -0.0021431893
 -0.29982 0.3826913 -0.558157 0.4436556 1 0 2 -3.2773614E-4
 -0.31102362 0.38812017 -0.67485285 0.3271844 1 0 2 0.0014256239
 -0.32434407 0.3916262 -0.7975958 0.20462611 1 0 2 0.0032601953
 -0.33972085 0.39290836 -0.92638934 0.07604391 1 0 2 0.0050241947
 -0.3573851 0.3920333 -1.0609443 -0.058365393 1 0 2 0.0068107843
 -0.37734148 0.3888181 -1.2008446 -0.1981369 1 0 2 0.008623838
 -0.39973333 0.38323313 -1.345412 -0.34257522 1 0 2 0.010347277
 -0.40918493 0.38791725 -0.5794992 0.25646657 1 1 2 0.0021829605
 -0.4185622 0.39760572 -0.5697911 0.5710997 0 1 2 4.2691827E-4
 -0.4239309 0.40925848 -0.3246153 0.6919689 0 1 2 -0.0016151071
 -0.43178424 0.41771722 -0.46649805 0.5156025 1 1 2 1.4463067E-4
 -0.4401102 0.42627013 -0.5014103 0.5046445 1 1 2 3.219545E-4
 -0.44828928 0.43476874 -0.49336085 0.5073809 1 1 2 2.2298098E-4
 -0.45649725 0.44321203 -0.49272895 0.5071441 1 1 2 2.4914742E-4
 -0.4647105 0.4517168 -0.49309894 0.5068881 1 1 2 2.373457E-4
 -0.46497405 0.45193872 -0.021447072 0.010116624 1 1 3 2.2885203E-4
 -0.46500593 0.4519668 -0.0020777916 -0.0018833746 1 1 3 2.336502E-5
 -0.4649667 0.45196947 0.0018114008 0.0018307145 1 1 3 -2.2649765E-5
 -0.46494406 0.4519668 5.745753E-4 5.788871E-4 1 1 3 -8.821487E-6
 -0.46493056 0.4519632 -6.8218054E-5 -6.874137E-5 1 1 3 -1.3709068E-6
 -0.46491876 0.45196426 -7.2945615E-5 -7.349695E-5 1 1 3 -7.1525574E-7
 -0.46490824 0.45196867 -7.96616E-6 -8.022147E-6 1 1 3 -9.536743E-7
 -0.4648996 0.45197448 5.8649975E-6 5.9016165E-6 1 1 3 -4.348159E-5
 -0.46495193 0.45199943 2.6611826E-6 2.6844373E-6 1 1 3 4.8309565E-5
 -0.46492285 0.4520044 -6.8337874E-7 -6.8898277E-7 1 1 3 -2.1457672E-6
 -0.4649057 0.4520067 -4.261445E-7 -4.3150445E-7 1 1 3 -1.4901161E-6
 -0.4648942 0.45200917 -1.9842243E-9 -2.7823482E-8 1 1 3 -4.3839216E-5
 -0.46494514 0.45203087 6.7272026E-7 6.734609E-7 1 1 3 4.813075E-5
 -0.4649155 0.45203295 -5.017778E-7 -4.752908E-7 1 1 3 -2.3245811E-6
 -0.4648982 0.45203272 -1.749288E-7 -1.7608683E-7 1 1 3 -4.4375658E-5
 -0.4649461 0.45205143 6.598261E-7 6.636718E-7 1 1 3 4.7713518E-5
 -0.46489668 0.45198956 1.8523014E-7 1.8583506E-7 1 1 3 -5.1647425E-5
 -0.46493718 0.45202652 -5.4375548E-8 -5.2362953E-8 1 1 3 4.8846006E-5
 -0.46490574 0.45203498 -6.5300026E-7 -6.856103E-7 1 1 3 -1.7881393E-6
 -0.46488917 0.45203757 -1.4425194E-7 -1.4554922E-7 1 1 3 -4.401803E-5
 -0.46493834 0.45205763 6.941963E-7 6.70573E-7 1 1 3 4.7951937E-5
 -0.46489 0.451997 1.8610422E-7 1.8818974E-7 1 1 3 -5.146861E-5
 -0.46493152 0.45203418 -6.380919E-8 -3.626991E-8 1 1 3 4.902482E-5
 -0.46490085 0.4520428 -6.520579E-7 -6.857331E-7 1 1 3 -1.7285347E-6
 -0.4648849 0.45204523 -1.4221504E-7 -1.4514835E-7 1 1 3 -4.3958426E-5
 -0.46491715 0.45200157 1.3357106E-6 1.3464253E-6 1 1 3 4.1753054E-5
 -0.46488643 0.4520245 -1.0037506E-6 -1.0150031E-6 1 1 3 -4.3302774E-5
 -0.4649324 0.45205224 3.018728E-7 3.0407378E-7 1 1 3 4.848838E-5
 -0.4648839 0.45199612 1.9406025E-7 1.9632739E-7 1 1 3 -5.1110983E-5
 -0.46492603 0.45203564 -2.2830267E-8 -2.3024857E-8 1 1 3 4.926324E-5
 -0.4648961 0.4520457 0.0 0.0 1 1 3 -4.425645E-5
 -0.4648961 0.4520457 0.0 0.0 1 1 3 0.0
 -0.4648961 0.4520457 0.0 0.0 1 1 3 0.0
 -0.4648961 0.4520457 0.0 0.0 1 1 3 0.0
 -0.4649225 0.45200497 1.244126E-6 1.2579853E-6 1 1 3 4.145503E-5
 -0.46488908 0.45202845 -1.0421097E-6 -1.0496608E-6 1 1 3 -4.3421984E-5
 -0.46493384 0.4520557 3.0758414E-7 2.8120365E-7 1 1 3 4.8309565E-5
 -0.4648846 0.45199928 1.9836997E-7 2.0020528E-7 1 1 3 -5.1170588E-5
 -0.46492636 0.45203847 -1.545759E-8 -1.5671754E-8 1 1 3 4.9203634E-5
 -0.46489617 0.4520483 -6.6735726E-7 -6.708789E-7 1 1 3 -4.4316053E-5
 -0.4649223 0.4520074 1.1812365E-6 1.1628262E-6 1 1 3 4.145503E-5
 -0.4648888 0.45203075 -9.89163E-7 -9.971845E-7 1 1 3 -4.3421984E-5
 -0.46493348 0.4520578 3.1465044E-7 3.1968722E-7 1 1 3 4.8309565E-5
 -0.46488416 0.4520013 1.9329192E-7 1.9489877E-7 1 1 3 -5.1170588E-5
 -0.46492583 0.4520404 -3.8063117E-9 -5.688076E-9 1 1 3 4.9203634E-5
 -0.46489558 0.45205015 -6.648086E-7 -6.7352323E-7 1 1 3 -4.4316053E-5
 -0.46492174 0.4520092 1.1514403E-6 1.1660491E-6 1 1 3 4.145503E-5
 -0.46488816 0.45203254 -9.830796E-7 -9.944E-7 1 1 3 -4.348159E-5
 -0.46493286 0.45205945 3.1238903E-7 3.1369262E-7 1 1 3 4.8309565E-5
 -0.4648835 0.45200297 1.9974081E-7 1.7400642E-7 1 1 3 -5.1170588E-5
 -0.46492514 0.4520421 -2.0918822E-9 -9.795187E-11 1 1 3 4.9203634E-5
 -0.46489492 0.45205182 -6.714118E-7 -6.762507E-7 1 1 3 -4.4316053E-5
 -0.46492103 0.4520109 1.1562515E-6 1.1679722E-6 1 1 3 4.145503E-5
 -0.4648875 0.4520342 -9.876383E-7 -9.93993E-7 1 1 3 -4.348159E-5
 -0.4649322 0.45206103 3.0611716E-7 3.086201E-7 1 1 3 4.8309565E-5
 -0.46488285 0.45200455 2.0018436E-7 2.0123491E-7 1 1 3 -5.1170588E-5
 -0.4649245 0.4520437 -1.5575601E-8 -1.5696372E-8 1 1 3 4.9203634E-5
 -0.4648943 0.45205343 -6.7192065E-7 -6.7535586E-7 1 1 3 -4.4316053E-5
 -0.4649204 0.4520125 1.1808388E-6 1.162112E-6 1 1 3 4.145503E-5
 -0.4648868 0.45203587 -9.856287E-7 -9.929353E-7 1 1 3 -4.348159E-5
 -0.46493155 0.45206258 3.0690097E-7 3.148358E-7 1 1 3 4.8309565E-5
 -0.46488222 0.45200607 2.0437264E-7 2.0610872E-7 1 1 3 -5.1170588E-5
 -0.46492392 0.4520452 -2.5788331E-8 -2.3942496E-8 1 1 3 4.9203634E-5
 -0.4648752 0.45199534 0.0 0.0 1 1 3 -5.057454E-5
 -0.4648752 0.45199534 0.0 0.0 1 1 3 0.0
 -0.4648752 0.45199534 0.0 0.0 1 1 3 0.0
 -0.4648752 0.45199534 0.0 0.0 1 1 3 0.0
 -0.4648752 0.45199534 0.0 0.0 1 1 3 0.0
 -0.4648752 0.45199534 0.0 0.0 1 1 3 0.0
 -0.4648752 0.45199534 0.0 0.0 1 1 3 0.0
 -0.4648752 0.45199534 0.0 0.0 1 1 3 0.0
 -0.4648752 0.45199534 0.0 0.0 1 1 3 0.0
 -0.4648752 0.45199534 0.0 0.0 1 1 3 0.0
 -0.4648752 0.45199534 0.0 0.0 1 1 3 0.0
 -0.4648752 0.45199534 0.0 0.0 1 1 3 0.0
 -0.4648752 0.45199534 0.0 0.0 1 1 3 0.0
 -0.4648752 0.45199534 0.0 0.0 1 1 3 0.0
 -0.4648752 0.45199534 0.0 0.0 1 1 3 0.0
 -0.4648752 0.45199534 0.0 0.0 1 1 3 0.0
 -0.4648752 0.45199534 0.0 0.0 1 1 3 0.0
 -0.4648752 0.45199534 0.0 0.0 1 1 3 0.0
 -0.4648752 0.45199534 0.0 0.0 1 1 3 0.0
 -0.46491843 0.45203835 -5.2185296E-6 2.1355161E-5 1 1 0 4.9501657E-5
 -0.46488962 0.45205024 8.8200227E-7 8.911361E-7 1 1 0 -4.401803E-5
 -0.46491686 0.45201072 9.705154E-7 9.886377E-7 1 1 0 4.1633844E-5
 -0.46488413 0.45203492 -1.5319405E-6 -1.5426544E-6 1 1 0 -4.3302774E-5
 -0.46492946 0.45206225 4.147145E-7 4.171724E-7 1 1 0 4.8428774E-5
 -0.4648806 0.45200616 2.4060142E-7 2.450236E-7 1 1 0 -5.1110983E-5
 -0.46492258 0.4520456 -2.9943934E-8 -3.053562E-8 1 1 0 4.9203634E-5
 -0.4648741 0.45199597 -1.575929E-8 -2.2521505E-8 1 1 0 -5.0514936E-5
 -0.46491736 0.45203894 -3.644275E-8 -4.2157676E-8 1 1 0 4.9561262E-5
 -0.46488863 0.4520511 -8.01927E-7 -7.969132E-7 1 1 0 -4.3958426E-5
 -0.464916 0.45201176 1.4809136E-6 1.4610785E-6 1 1 0 4.1633844E-5
 -0.46488333 0.4520362 -1.2528097E-6 -1.261689E-6 1 1 0 -4.3302774E-5
 -0.4649288 0.45206347 3.947735E-7 4.285496E-7 1 1 0 4.8428774E-5
 -0.46488008 0.45200738 2.2470304E-7 2.4113103E-7 1 1 0 -5.105138E-5
 -0.4649221 0.45204684 -3.2354954E-8 -3.9396582E-8 1 1 0 4.9203634E-5
 -0.46487364 0.45199725 -9.0528625E-9 -1.21135235E-8 1 1 0 -5.057454E-5
 -0.464917 0.4520402 -7.469692E-9 -4.331709E-8 1 1 0 4.9620867E-5
 -0.46488833 0.45205235 -7.913859E-7 -7.936117E-7 1 1 0 -4.401803E-5
 -0.4649157 0.45201308 1.485299E-6 1.4629488E-6 1 1 0 4.169345E-5
 -0.4648831 0.45203745 -1.2661442E-6 -1.2758051E-6 1 1 0 -4.3302774E-5
 -0.4649286 0.45206466 4.1922755E-7 4.0631517E-7 1 1 0 4.8428774E-5
 -0.46487975 0.4520087 2.3599358E-7 2.375693E-7 1 1 0 -5.1110983E-5
 -0.46492174 0.45204818 -1.4219024E-8 -3.294322E-8 1 1 0 4.9203634E-5
 -0.46487328 0.45199862 4.535476E-9 -6.133483E-9 1 1 0 -5.0514936E-5
 -0.46491662 0.45204163 -1.052781E-8 -3.404698E-8 1 1 0 4.9620867E-5
 -0.46488798 0.4520537 -7.9516894E-7 -7.906638E-7 1 1 0 -4.401803E-5
 -0.46491536 0.45201433 1.4833388E-6 1.4688183E-6 1 1 0 4.169345E-5
 -0.46488273 0.45203874 -1.2502207E-6 -1.2577104E-6 1 1 0 -4.3302774E-5
 -0.46492827 0.45206586 4.312414E-7 3.9215007E-7 1 1 0 4.8428774E-5
 -0.46487945 0.45200986 0.0 0.0 1 1 0 -5.1110983E-5
 -0.46487945 0.45200986 0.0 0.0 1 1 0 0.0
 -0.46487945 0.45200986 0.0 0.0 1 1 0 0.0
 -0.46487945 0.45200986 0.0 0.0 1 1 0 0.0
 -0.46487945 0.45200986 0.0 0.0 1 1 0 0.0
 -0.46487945 0.45200986 0.0 0.0 1 1 0 0.0
 -0.46487945 0.45200986 0.0 0.0 1 1 0 0.0
 -0.46487945 0.45200986 0.0 0.0 1 1 0 0.0
 -0.46487945 0.45200986 0.0 0.0 1 1 0 0.0
 -0.46487945 0.45200986 0.0 0.0 1 1 0 0.0
 -0.46487945 0.45200986 0.0 0.0 1 1 0 0.0
 -0.46487945 0.45200986 0.0 0.0 1 1 0 0.0
 -0.46487945 0.45200986 0.0 0.0 1 1 0 0.0
 -0.46487945 0.45200986 0.0 0.0 1 1 0 0.0
 -0.46487945 0.45200986 0.0 0.0 1 1 0 0.0
 -0.45853525 0.44551018 0.36377245 -0.37419367 1 1 1 9.196997E-5
 -0.44975895 0.43650815 0.53218615 -0.54646736 1 1 1 3.9339066E-5
 -0.44119614 0.4276931 0.51914114 -0.53372395 1 1 1 6.210804E-5
 -0.43295404 0.41919464 0.4945906 -0.5091982 1 1 1 5.3972006E-5
 -0.4247963 0.41080648 0.48967004 -0.5047338 1 1 1 8.031726E-5
 -0.41664192 0.40234572 0.491204 -0.5068971 1 1 1 9.381771E-5
 -0.4084394 0.393871 0.49188122 -0.50834 1 1 1 5.8233738E-5
 -0.40022582 0.3853851 0.49160063 -0.50870407 1 1 1 1.0588765E-4
 -0.39209428 0.37696695 0.49107867 -0.5089796 1 1 1 1.2180209E-4
 -0.3839225 0.36845756 0.4906249 -0.50936216 1 1 1 7.1942806E-5
 -0.37576374 0.3599974 0.49026307 -0.50973886 1 1 1 1.2677908E-4
 -0.36760622 0.35150108 0.4898113 -0.51019853 1 1 1 1.2978911E-4
 -0.35944977 0.34297717 0.4892616 -0.5107534 1 1 1 1.3390183E-4
 -0.35129556 0.33443174 0.48875642 -0.5112535 1 1 1 1.3831258E-4
 -0.3431734 0.32591972 0.48815235 -0.51186115 1 1 1 1.4975667E-4
 -0.33508444 0.31742218 0.48759463 -0.5124147 1 1 1 1.5994906E-4
 -0.3269446 0.3088489 0.48701116 -0.5129995 1 1 1 1.5726686E-4
 -0.31885368 0.30029446 0.48631185 -0.51370245 1 1 1 2.1505356E-4
 -0.31080452 0.29174787 0.48548678 -0.51452297 1 1 1 2.2624433E-4
 -0.30273947 0.2831723 0.48461822 -0.51539236 1 1 1 1.8496811E-4
 -0.294673 0.27456453 0.4837889 -0.51622516 1 1 1 2.3649633E-4
 -0.28661346 0.2659247 0.48281544 -0.5171939 1 1 1 2.4309754E-4
 -0.2785977 0.25730288 0.48168662 -0.5183271 1 1 1 2.566129E-4
 -0.2706256 0.24868315 0.4805865 -0.5194225 1 1 1 2.6920438E-4
 -0.26261237 0.23997533 0.4794179 -0.5205926 1 1 1 3.1545758E-4
 -0.2546932 0.23132142 0.47795734 -0.5220545 1 1 1 3.3667684E-4
 -0.2467434 0.22256285 0.47639528 -0.52361643 1 1 1 2.9070675E-4
 -0.23884276 0.21381742 0.47471184 -0.52530587 1 1 1 3.5269558E-4
 -0.23095018 0.20502801 0.47290796 -0.527099 1 1 1 4.0850043E-4
 -0.22313213 0.19621903 0.47072384 -0.5292865 1 1 1 4.2431056E-4
 -0.21531968 0.1873629 0.46836486 -0.53164715 1 1 1 4.339218E-4
 -0.20758711 0.17847736 0.46566668 -0.534349 1 1 1 4.5062602E-4
 -0.19987896 0.16952279 0.46287978 -0.5371297 1 1 1 5.081743E-4
 -0.19220729 0.16049759 0.45939437 -0.5406212 1 1 1 5.199015E-4
 -0.18463698 0.15142739 0.45557126 -0.5444427 1 1 1 6.328076E-4
 -0.17715223 0.1423138 0.4510734 -0.54893386 1 1 1 6.515682E-4
 -0.16969208 0.13304181 0.44592547 -0.5540904 1 1 1 6.5743923E-4
 -0.16236553 0.12369996 0.4398052 -0.56021786 1 1 1 7.2550774E-4
 -0.16871308 0.12691109 -0.40877774 0.18708678 1 1 2 6.5511465E-4
 -0.1824884 0.13065483 -0.82574654 0.21611486 0 1 2 6.7548454E-4
 -0.19942738 0.13119374 -1.0194213 0.030072482 0 1 2 5.930513E-4
 -0.21669078 0.13134871 -1.0403845 0.012831986 0 1 2 -1.7596781E-4
 -0.23234119 0.1330452 -0.93876576 0.10007367 0 1 2 -0.0013810843
 -0.24590506 0.13623986 -0.81565404 0.1908377 0 1 2 -0.0026569515
 -0.2577578 0.1409555 -0.71093315 0.28086123 0 1 2 -0.0039788336
 -0.2680649 0.14711317 -0.6216651 0.3708805 0 1 2 -0.005217731
 -0.27703372 0.15489593 -0.5346159 0.4626404 0 1 2 -0.006420478
 -0.28437462 0.16412358 -0.44280744 0.55705225 0 1 2 -0.00784111
 -0.29018053 0.17505224 -0.34585214 0.6542309 0 1 2 -0.009094775
 -0.2943084 0.18760395 -0.24527769 0.7542611 0 1 2 -0.010464236
 -0.29673308 0.20190202 -0.14202553 0.8572333 0 1 2 -0.011884451
 -0.29738894 0.21793292 -0.036091283 0.96334404 0 1 2 -0.013323784
 -0.29618913 0.23572668 0.07300177 1.0728291 0 1 2 -0.014822245
 -0.29317522 0.25544432 0.18564627 1.185913 0 1 2 -0.01631087
 -0.28823858 0.2771037 0.3020175 1.30278 0 1 2 -0.017807245
 -0.28609875 0.29199854 0.14398703 0.8949325 1 1 2 -0.012411118
 -0.2884838 0.30849043 -0.14150023 0.9907687 1 1 2 -0.010778904
 -0.29174703 0.32233503 -0.19230366 0.83396345 1 0 2 -0.009002477
 -0.29657778 0.3341307 -0.28812388 0.7083761 1 0 2 -0.007111281
 -0.30329996 0.34414887 -0.40120542 0.59891206 1 0 2 -0.0052912235
 -0.3119332 0.35218439 -0.51863843 0.48316723 1 0 2 -0.003460914
 -0.32262757 0.35825288 -0.64099914 0.36097744 1 0 2 -0.0016443133
 -0.33540252 0.36215544 -0.7689777 0.233139 1 0 2 1.6632676E-4
 -0.3504472 0.36389744 -0.90255165 0.09975813 1 0 2 0.002040118
 -0.36775717 0.36330703 -1.0415139 -0.038994774 1 0 2 0.0038092136
 -0.37697223 0.36965257 -0.5795889 0.36308295 1 1 2 -0.0016683936
 -0.38551673 0.37871304 -0.49671623 0.55215025 1 1 2 -0.0030061007
 -0.3937333 0.38722992 -0.48614672 0.51661766 1 1 2 -0.0030015707
 -0.4019267 0.3955748 -0.49485618 0.5035546 1 1 2 -0.0030305088
 -0.41026852 0.40404192 -0.49641994 0.5034077 1 1 2 -0.002936393
 -0.4185437 0.41244313 -0.49642026 0.50362355 1 1 2 -0.0030023456
 -0.426831 0.42081285 -0.49650913 0.50349516 1 1 2 -0.0030133128
 -0.43508545 0.4292027 -0.49670878 0.5032946 1 1 2 -0.0030231476
 -0.4359623 0.43087903 -0.023908895 0.1581235 1 1 3 -0.0018017888
 -0.43533722 0.43035573 0.053159572 -0.034185905 1 1 3 -5.566478E-4
 -0.4353447 0.43033355 -0.003027917 -0.002895426 1 1 3 2.8550625E-5
 -0.43537137 0.43029377 -0.0070674787 -0.007102171 1 1 3 7.015467E-5
 -0.4353915 0.4302646 -0.0013327943 -0.0013368374 1 1 3 1.2695789E-5
 -0.43538293 0.4302668 5.243226E-4 5.2591995E-4 1 1 3 -5.7816505E-6
 -0.43537855 0.43026668 2.8444137E-4 2.8529007E-4 1 1 3 -3.2186508E-6
 -0.43537772 0.4302643 5.3217836E-6 5.312939E-6 1 1 3 -2.9802322E-7
 -0.43539733 0.4303209 -3.3434702E-5 -3.3538006E-5 1 1 3 6.377697E-6
 -0.43539786 0.43029624 -7.789296E-6 -7.799641E-6 1 1 3 -1.847744E-6
 -0.43539357 0.43028328 2.129611E-6 2.1387038E-6 1 1 3 -1.3709068E-6
 -0.4353889 0.43027562 1.4221705E-6 1.4530378E-6 1 1 3 -9.536743E-7
 -0.43538502 0.4302706 8.980986E-8 9.140531E-8 1 1 3 -7.1525574E-7
 -0.435382 0.4302673 -1.6354619E-7 -1.3853332E-7 1 1 3 -4.7683716E-7
 -0.43537974 0.43026498 -4.8365685E-8 -4.8506664E-8 1 1 3 -3.5762787E-7
 -0.43539834 0.43032178 -8.103975E-7 -8.1259225E-7 1 1 3 5.9604645E-6
 -0.43539843 0.43029693 6.274063E-7 6.2633694E-7 1 1 3 -1.9669533E-6
 -0.43539396 0.4302837 2.3295108E-7 2.62838E-7 1 1 3 -1.4305115E-6
 -0.43538922 0.43027592 -2.4427731E-8 7.103047E-10 1 1 3 -1.013279E-6
 -0.43538535 0.43027088 -5.2155038E-8 -2.4910705E-8 1 1 3 -7.1525574E-7
 -0.4353823 0.4302675 -1.1742438E-8 -1.25280275E-8 1 1 3 -4.7683716E-7
 -0.43538004 0.4302652 1.1153423E-8 1.1727952E-8 1 1 3 -3.5762787E-7
 -0.43537843 0.43026352 1.9945988E-8 2.0053285E-8 1 1 3 -2.3841858E-7
 -0.43539742 0.43032074 -8.159882E-7 -8.183383E-7 1 1 3 6.020069E-6
 -0.43539783 0.4302962 6.09097E-7 6.1199955E-7 1 1 3 -1.9073486E-6
 -0.43539357 0.43028322 2.305717E-7 2.3189446E-7 1 1 3 -1.3709068E-6
 -0.43538892 0.43027553 -1.7051983E-8 -1.9247864E-8 1 1 3 -9.536743E-7
 -0.43538508 0.43027052 -4.766216E-8 -2.1972731E-8 1 1 3 -7.1525574E-7
 -0.43538207 0.4302672 -1.2793103E-8 -1.1925021E-8 1 1 3 -4.7683716E-7
 -0.43537983 0.43026492 2.2741187E-9 2.842429E-9 1 1 3 -3.5762787E-7
 -0.43539846 0.43032175 -8.176371E-7 -8.198608E-7 1 1 3 5.9604645E-6
 -0.43539858 0.43029693 0.0 0.0 1 1 3 -1.9669533E-6
 -0.43539858 0.43029693 0.0 0.0 1 1 3 0.0
 -0.43539858 0.43029693 0.0 0.0 1 1 3 0.0
 -0.43539858 0.43029693 0.0 0.0 1 1 3 0.0
 -0.43539858 0.43029693 0.0 0.0 1 1 3 0.0
 -0.43539858 0.43029693 0.0 0.0 1 1 3 0.0
 -0.43539858 0.43029693 0.0 0.0 1 1 3 0.0
 -0.43539858 0.43029693 0.0 0.0 1 1 3 0.0
 -0.43539858 0.43029693 0.0 0.0 1 1 3 0.0
 -0.43539858 0.43029693 0.0 0.0 1 1 3 0.0
 -0.43539858 0.43029693 0.0 0.0 1 1 3 0.0
 -0.43539858 0.43029693 0.0 0.0 1 1 3 0.0
 -0.43539858 0.43029693 0.0 0.0 1 1 3 0.0
 -0.43539858 0.43029693 0.0 0.0 1 1 3 0.0
 -0.43539858 0.43029693 0.0 0.0 1 1 3 0.0
 -0.43539858 0.43029693 0.0 0.0 1 1 3 0.0
 -0.43539858 0.43029693 0.0 0.0 1 1 3 0.0
 -0.43539858 0.43029693 0.0 0.0 1 1 3 0.0
 -0.43539858 0.43029693 0.0 0.0 1 1 3 0.0
 -0.43539858 0.43029693 0.0 0.0 1 1 3 0.0
 -0.43539858 0.43029693 0.0 0.0 1 1 3 0.0
 -0.43539858 0.43029693 0.0 0.0 1 1 3 0.0
 -0.43539858 0.43029693 0.0 0.0 1 1 3 0.0
 -0.43539858 0.43029693 0.0 0.0 1 1 3 0.0
 -0.43539858 0.43029693 0.0 0.0 1 1 3 0.0
 -0.43539423 0.4302839 -6.6095154E-6 1.381645E-5 1 1 0 -1.4305115E-6
 -0.4353894 0.4302761 8.682975E-7 8.599415E-7 1 1 0 -1.013279E-6
 -0.43538544 0.43027103 -2.35974E-7 -2.2795244E-7 1 1 0 -7.1525574E-7
 -0.43538243 0.4302676 -1.5309882E-7 -1.5562375E-7 1 1 0 -5.364418E-7
 -0.43538022 0.43026522 -1.3376258E-8 -1.5384153E-8 1 1 0 -3.5762787E-7
 -0.43537864 0.43026352 2.9645005E-8 2.9632991E-8 1 1 0 -2.3841858E-7
 -0.43539762 0.4303208 -9.561934E-7 -9.554437E-7 1 1 0 6.020069E-6
 -0.43539798 0.43029633 7.53827E-7 7.4972604E-7 1 1 0 -1.9073486E-6
 -0.43539375 0.4302833 2.836499E-7 2.5566675E-7 1 1 0 -1.3709068E-6
 -0.43538907 0.43027565 -1.8754683E-8 -2.0974511E-8 1 1 0 -9.536743E-7
 -0.43538517 0.43027064 -3.7143117E-8 -3.8476614E-8 1 1 0 -7.1525574E-7
 -0.43538222 0.43026727 -1.4844332E-8 -1.14912515E-8 1 1 0 -4.7683716E-7
 -0.43538 0.4302649 2.839673E-9 1.2034136E-9 1 1 0 -3.5762787E-7
 -0.4353986 0.4303217 -9.3509067E-7 -9.674507E-7 1 1 0 5.9604645E-6
 -0.43539873 0.4302968 7.591064E-7 7.6417575E-7 1 1 0 -1.9669533E-6
 -0.4353943 0.43028358 2.834189E-7 2.7723698E-7 1 1 0 -1.4305115E-6
 -0.4353895 0.4302758 -2.5449076E-8 -2.3911454E-8 1 1 0 -1.013279E-6
 -0.43538556 0.43027076 -4.4545935E-8 -4.8529103E-8 1 1 0 -7.1525574E-7
 -0.43538254 0.43026736 -1.7217225E-8 -1.4642069E-8 1 1 0 -4.7683716E-7
 -0.43538034 0.43026498 6.7804216E-9 7.851073E-9 1 1 0 -3.5762787E-7
 -0.4353989 0.43032175 -9.618175E-7 -9.576738E-7 1 1 0 5.9604645E-6
 -0.43539903 0.43029687 7.575272E-7 7.632286E-7 1 1 0 -1.9669533E-6
 -0.4353946 0.43028364 2.8683814E-7 2.7964327E-7 1 1 0 -1.4305115E-6
 -0.43538976 0.43027583 -1.9175172E-8 -2.0113099E-8 1 1 0 -1.013279E-6
 -0.43538582 0.4302708 -3.0892878E-8 -4.6669754E-8 1 1 0 -7.1525574E-7
 -0.4353828 0.4302674 -7.1985387E-9 -1.0435231E-8 1 1 0 -4.7683716E-7
 -0.43538058 0.43026498 1.31082825E-8 1.3419201E-8 1 1 0 -3.5762787E-7
 -0.43539914 0.43032175 -9.581952E-7 -9.64329E-7 1 1 0 5.9604645E-6
 -0.43539926 0.43029687 7.56234E-7 7.644437E-7 1 1 0 -1.9669533E-6
 -0.43539482 0.43028364 0.0 0.0 1 1 0 -1.4305115E-6
 -0.43539482 0.43028364 0.0 0.0 1 1 0 0.0
 -0.43539482 0.43028364 0.0 0.0 1 1 0 0.0
 -0.43539482 0.43028364 0.0 0.0 1 1 0 0.0
 -0.43539482 0.43028364 0.0 0.0 1 1 0 0.0
 -0.43539482 0.43028364 0.0 0.0 1 1 0 0.0
 -0.43539482 0.43028364 0.0 0.0 1 1 0 0.0
 -0.43539482 0.43028364 0.0 0.0 1 1 0 0.0
 -0.43539482 0.43028364 0.0 0.0 1 1 0 0.0
 -0.43539482 0.43028364 0.0 0.0 1 1 0 0.0
 -0.43539482 0.43028364 0.0 0.0 1 1 0 0.0
 -0.43539482 0.43028364 0.0 0.0 1 1 0 0.0
 -0.42896488 0.42379233 0.36872238 -0.37307543 1 1 1 4.3988228E-5
 -0.42008755 0.4148569 0.53636706 -0.54239684 1 1 1 -8.821487E-6
 -0.4114531 0.40609837 0.52311367 -0.52929914 1 1 1 5.3197145E-5
 -0.40316987 0.39770603 0.49870297 -0.5049251 1 1 1 4.351139E-6
 -0.39494976 0.38934523 0.49404937 -0.5003693 1 1 1 6.484985E-5
 -0.3867142 0.3810183 0.4956874 -0.5024404 1 1 1 3.9070845E-5
 -0.37845102 0.37264088 0.4965815 -0.50364524 1 1 1 4.3451786E-5
 -0.37017724 0.36424074 0.49646208 -0.5038379 1 1 1 -1.2516975E-6
 -0.36189878 0.35582712 0.49618 -0.5038833 1 1 1 4.339218E-5
 -0.35364273 0.34745696 0.4959694 -0.5040143 1 1 1 5.0276518E-5
 -0.3453845 0.33905476 0.49579754 -0.5042003 1 1 1 5.0216913E-5
 -0.33712175 0.3306316 0.49553952 -0.50447434 1 1 1 5.0663948E-5
 -0.32888147 0.32224736 0.4953387 -0.50467217 1 1 1 5.8054924E-5
 -0.3206381 0.31383058 0.49512875 -0.5048819 1 1 1 5.77271E-5
 -0.31241763 0.30544445 0.49482498 -0.50518876 1 1 1 6.484985E-5
 -0.3041915 0.2970227 0.49458736 -0.5054215 1 1 1 1.1014938E-4
 -0.2959082 0.28854617 0.49416238 -0.5058479 1 1 1 1.3291836E-5
 -0.2877493 0.2801858 0.4938957 -0.50612086 1 1 1 1.2612343E-4
 -0.27952453 0.27174467 0.4935128 -0.50649107 1 1 1 7.2300434E-5
 -0.27125305 0.26324064 0.4931161 -0.50689816 1 1 1 6.788969E-5
 -0.26311237 0.25485015 0.49268746 -0.50732493 1 1 1 1.3560057E-4
 -0.25490785 0.24637823 0.4922317 -0.5077731 1 1 1 8.2314014E-5
 -0.2466911 0.23789178 0.4917507 -0.5082643 1 1 1 1.3059378E-4
 -0.23852418 0.2294172 0.4911191 -0.5088904 1 1 1 1.3911724E-4
 -0.2303787 0.2209665 0.4904456 -0.5095643 1 1 1 1.00016594E-4
 -0.2222262 0.21247377 0.48984084 -0.51017267 1 1 1 1.4781952E-4
 -0.21407099 0.20394748 0.48906243 -0.51094586 1 1 1 1.4945865E-4
 -0.20591971 0.19538945 0.48809445 -0.51191837 1 1 1 1.5220046E-4
 -0.19781235 0.18684827 0.4870419 -0.51296943 1 1 1 1.6158819E-4
 -0.18969934 0.17827567 0.4860412 -0.5139657 1 1 1 2.1120906E-4
 -0.18164313 0.16970032 0.4846587 -0.5153511 1 1 1 1.7341971E-4
 -0.17362313 0.16112842 0.48329374 -0.51671994 1 1 1 2.7647614E-4
 -0.16556805 0.1524568 0.48147294 -0.51853204 1 1 1 1.7771125E-4
 -0.15757778 0.14378305 0.47962305 -0.52039534 1 1 1 2.8318167E-4
 -0.14965364 0.13509052 0.4772071 -0.5227996 1 1 1 2.9233098E-4
 -0.14174381 0.12633555 0.4745166 -0.52549213 1 1 1 2.9537082E-4
 -0.13391304 0.11754805 0.47148997 -0.5285205 1 1 1 3.5253167E-4
 -0.12607944 0.10863268 0.46762827 -0.5323831 1 1 1 3.015399E-4
 -0.118395194 0.09971677 0.46318677 -0.536831 1 1 1 4.1356683E-4
 -0.110776745 0.0906814 0.45759648 -0.54241 1 1 1 4.6265125E-4
 -0.10326054 0.0815029 0.45026124 -0.5497533 1 1 1 5.108416E-4
 -0.09591903 0.072201364 0.44131532 -0.5586954 1 1 1 5.64605E-4
 -0.08875002 0.06268261 0.42967215 -0.5703454 1 1 1 6.5612793E-4
 -0.08185899 0.052935228 0.41446728 -0.58554614 1 1 1 7.493794E-4
 -0.07529084 0.04281831 0.3936975 -0.60632265 1 1 1 9.237528E-4
 -0.06923627 0.032235738 0.36440292 -0.6356121 1 1 1 0.001090616
 -0.063860215 0.02092763 0.32226673 -0.677743 1 1 1 0.0013238192
 -0.059529494 0.00853891 0.25856048 -0.74142665 1 1 1 0.001660347
 -0.056943238 -0.0054632104 0.15785335 -0.84203756 1 1 1 0.002315551
 -0.057118185 -0.02235788 -0.011840296 -1.0114181 1 1 1 0.0031371117
 -0.062444784 -0.044226076 -0.3161262 -1.3146187 1 1 1 0.0048168004
 -0.06896628 -0.068915166 -0.38630238 -1.4863362 1 1 1 0.0054810643
 -0.07564016 -0.09302092 -0.39572486 -1.4514822 1 1 1 0.005646825
 -0.08232482 -0.116450414 -0.4024249 -1.4052064 1 0 1 0.005675286
 -0.089221545 -0.13981289 -0.4148556 -1.4018453 1 0 1 0.0058051944
 -0.09638533 -0.16349714 -0.43001822 -1.4224514 1 0 1 0.006050825
 -0.103718415 -0.18759413 -0.4442796 -1.4435384 1 0 1 0.0062299073
 -0.11131623 -0.21186356 -0.45651567 -1.4578784 1 0 1 0.006412953
 -0.119096875 -0.23628935 -0.46726277 -1.4680322 1 0 1 0.0065764487
 -0.12700526 -0.2608938 -0.47701716 -1.4769787 1 0 1 0.006679684
 -0.13507608 -0.2856212 -0.48592308 -1.485636 1 0 1 0.0067830384
 -0.14324756 -0.310511 -0.4940034 -1.4938275 1 0 1 0.00687328
 -0.1515546 -0.33550546 -0.50125426 -1.5012295 1 0 1 0.0070117414
 -0.15997435 -0.3605928 -0.507767 -1.5078515 1 0 1 0.0070469975
 -0.16849615 -0.385769 -0.5135373 -1.5136323 1 0 1 0.007172823
 -0.177021 -0.41110632 -0.5186977 -1.518841 1 0 1 0.007138461
 -0.1856817 -0.43645254 -0.52318585 -1.5233132 1 0 1 0.0072613657
 -0.1944108 -0.46185872 -0.5271517 -1.5273432 1 0 1 0.0073239654
 -0.20319478 -0.48731712 -0.53069574 -1.5309625 1 0 1 0.007287368
 -0.21202998 -0.512826 -0.5337916 -1.5340564 1 0 1 0.0073895454
 -0.2208648 -0.53842115 -0.5365581 -1.5368873 1 0 1 0.0073414147
 -0.22974351 -0.564044 -0.5389378 -1.5392585 1 0 1 0.0073904693
 -0.23866272 -0.5896988 -0.5410914 -1.5414671 1 0 1 0.0073911995
 -0.24765301 -0.6153395 -0.54305077 -1.5434672 1 0 1 0.007439986
 -0.25662237 -0.6410636 -0.5449231 -1.5454032 1 0 1 0.007383451
