 0.0 0.0 0.0 0.0 1 1 0 0.0
 0.0 0.0 0.0 0.0 1 1 0 0.0
 0.0 0.0 0.0 0.0 1 1 0 0.0
 0.0 0.0 0.0 0.0 1 1 0 0.0
 0.0 0.0 0.0 0.0 1 1 0 0.0
 0.0 0.0 0.0 0.0 1 1 0 0.0
 0.0 0.0 0.0 0.0 1 1 0 0.0
 0.0 0.0 0.0 0.0 1 1 0 0.0
 0.0 0.0 0.0 0.0 1 1 0 0.0
 0.0 0.0 0.0 0.0 1 1 0 0.0
 0.0 0.0 0.0 0.0 1 1 0 0.0
 0.0 0.0 0.0 0.0 1 1 0 0.0
 0.0 0.0 0.0 0.0 1 1 0 0.0
 0.0 0.0 0.0 0.0 1 1 0 0.0
 0.0 0.0 0.0 0.0 1 1 0 0.0
 0.0 0.0 0.0 0.0 1 1 0 0.0
 0.0 0.0 0.0 0.0 1 1 0 0.0
 0.0 0.0 0.0 0.0 1 1 0 0.0
 0.0 0.0 0.0 0.0 1 1 0 0.0
 0.0 0.0 0.0 0.0 1 1 0 0.0
 0.0 0.0 0.0 0.0 1 1 0 0.0
 0.0 0.0 0.0 0.0 1 1 0 0.0
 0.0 0.0 0.0 0.0 1 1 0 0.0
 0.0 0.0 0.0 0.0 1 1 0 0.0
 0.0 0.0 0.0 0.0 1 1 0 0.0
 0.0 0.0 0.0 0.0 1 1 0 0.0
 0.0 0.0 0.0 0.0 1 1 0 0.0
 0.0 0.0 0.0 0.0 1 1 0 0.0
 0.0 0.0 0.0 0.0 1 1 0 0.0
 0.0 0.0 0.0 0.0 1 1 0 0.0
 0.0 0.0 0.0 0.0 1 1 0 0.0
 0.0 0.0 0.0 0.0 1 1 0 0.0
 0.0 0.0 0.0 0.0 1 1 0 0.0
 0.0 0.0 0.0 0.0 1 1 0 0.0
 0.0 0.0 0.0 0.0 1 1 0 0.0
 0.0 0.0 0.0 0.0 1 1 0 0.0
 0.0 0.0 0.0 0.0 1 1 0 0.0
 0.0 0.0 0.0 0.0 1 1 0 0.0
 0.0 0.0 0.0 0.0 1 1 0 0.0
 0.006957368 -0.0069573694 0.4193771 -0.4193771 1 1 1 3.0626077E-5
 0.015936166 -0.015933378 0.53494763 -0.53477913 1 1 1 -5.4143835E-5
 0.024501767 -0.024489334 0.5155978 -0.51501805 1 1 1 9.233132E-6
 0.032835726 -0.032798123 0.50031567 -0.49877992 1 1 1 -1.1781231E-5
 0.028819254 -0.028785402 -0.2374031 0.23717366 1 1 2 2.3767352E-5
 0.019659413 -0.019641094 -0.55196565 0.55102026 1 1 2 -2.9401854E-5
 0.010660171 -0.010657123 -0.53899217 0.5380744 1 1 2 2.2868626E-5
 0.0022525324 -0.0022588773 -0.5029482 0.5023846 1 1 2 4.356564E-5
 -0.0059985504 0.005974707 -0.49706638 0.49601597 1 1 2 -2.3377826E-5
 -0.01436225 0.014295605 -0.50030035 0.49773026 1 1 2 1.948094E-5
 -0.02274913 0.022583652 -0.50313866 0.49718097 1 1 2 3.3369288E-6
 -0.031191546 0.030779405 -0.5075739 0.49269146 1 1 2 3.603846E-5
 -0.032354925 0.03130866 -0.06818133 0.02991272 1 1 3 7.039122E-5
 -0.032319173 0.03130621 8.9595356E-4 0.0011268654 1 1 3 -9.199604E-6
 -0.032280263 0.031313628 0.0013794643 0.0014081921 1 1 3 -1.1803582E-5
 -0.032280777 0.03137157 0.0017371312 0.0017372506 1 1 3 -7.782131E-6
 -0.03222774 0.031385843 0.002034775 0.0020349564 1 1 3 -6.457418E-5
 -0.032175016 0.031409405 0.0022944112 0.0022945947 1 1 3 -1.790747E-5
 -0.03216388 0.031481467 0.002512218 0.0025123912 1 1 3 -1.2949109E-5
 -0.032101214 0.031507224 0.0026700376 0.002670235 1 1 3 -6.902404E-5
 -0.032041118 0.031539552 0.00277938 0.0027795408 1 1 3 -6.9124624E-5
 -0.032024845 0.031617798 0.002852912 0.0028530385 1 1 3 -1.5221536E-5
 -0.031959366 0.03164715 0.0028623582 0.002862447 1 1 3 -2.232194E-5
 -0.031940274 0.031721566 0.0028225228 0.0028226324 1 1 3 -6.325357E-5
 -0.031874403 0.031746306 0.0027355694 0.0027356348 1 1 3 -2.1805987E-5
 -0.031815648 0.03177412 0.0026040373 0.0026040494 1 1 3 -6.814115E-5
 -0.031805176 0.031844176 0.0024323226 0.0024323266 1 1 3 -1.2492761E-5
 -0.031749625 0.0318618 0.0022110916 0.0022111014 1 1 3 -1.7959625E-5
 -0.03174439 0.031921364 0.001959561 0.0019595174 1 1 3 -9.611249E-6
 -0.03173706 0.03196957 0.0016705195 0.0016704843 1 1 3 -8.5849315E-6
 -0.031688545 0.031966075 0.0013642481 0.0013642176 1 1 3 -6.110594E-5
 -0.03165155 0.03196395 0.0010491438 0.0010490967 1 1 3 -1.0035932E-5
 -0.031624902 0.03196116 7.1787863E-4 7.17863E-4 1 1 3 -7.059425E-6
 -0.031607542 0.03195638 3.7810765E-4 3.780789E-4 1 1 3 -5.196035E-5
 -0.03163977 0.031990003 5.1867148E-5 5.1870822E-5 1 1 3 5.2131712E-5
 -0.031627823 0.03196898 -2.8264752E-4 -2.8263777E-4 1 1 3 -4.1536987E-7
 -0.031625446 0.031946555 -6.036463E-4 -6.0362247E-4 1 1 3 2.3823231E-6
 -0.03167258 0.031963516 -9.1754575E-4 -9.17536E-4 1 1 3 1.09206885E-5
 -0.03171649 0.031967826 -0.0011912142 -0.0011911682 1 1 3 1.1669472E-5
 -0.031716846 0.031920884 -0.0014326649 -0.001432621 1 1 3 6.534159E-6
 -0.031726755 0.031875927 -0.0016507851 -0.0016507435 1 1 3 5.6836754E-5
 -0.031744193 0.031832125 -0.0018419696 -0.0018419632 1 1 3 1.0807067E-5
 -0.031808767 0.03183047 0.0 0.0 1 1 3 1.8309802E-5
 -0.031808767 0.03183047 0.0 0.0 1 1 3 0.0
 -0.031808767 0.03183047 0.0 0.0 1 1 3 0.0
 -0.031808767 0.03183047 0.0 0.0 1 1 3 0.0
 -0.031808767 0.03183047 0.0 0.0 1 1 3 0.0
 -0.031808767 0.03183047 0.0 0.0 1 1 3 0.0
 -0.031808767 0.03183047 0.0 0.0 1 1 3 0.0
 -0.031808767 0.03183047 0.0 0.0 1 1 3 0.0
 -0.031808767 0.03183047 0.0 0.0 1 1 3 0.0
 -0.031808767 0.03183047 0.0 0.0 1 1 3 0.0
 -0.031808767 0.03183047 0.0 0.0 1 1 3 0.0
 -0.031835023 0.03185152 -1.5370105E-4 -1.5958707E-4 1 1 0 5.243346E-5
 -0.03177514 0.031781446 -3.0691884E-4 -3.069174E-4 1 1 0 -5.5177137E-5
 -0.03181649 0.031807944 -4.4665096E-4 -4.4665195E-4 1 1 0 7.944182E-6
 -0.03185154 0.031823937 -5.735224E-4 -5.735216E-4 1 1 0 5.558692E-5
 -0.03184076 0.031790253 -6.9919927E-4 -6.992039E-4 1 1 0 1.6316772E-6
 -0.03183744 0.031760123 -8.067332E-4 -8.067392E-4 1 1 0 3.1627715E-6
 -0.03183972 0.03173268 -8.941505E-4 -8.9415757E-4 1 1 0 4.3585896E-6
 -0.03188765 0.031748567 -9.739173E-4 -9.7393227E-4 1 1 0 1.1291355E-5
 -0.031928547 0.03175568 -0.0010165886 -0.0010165974 1 1 0 1.0449439E-5
 -0.031881206 0.031673882 -0.0010359607 -0.0010359699 1 1 0 -2.1196902E-6
 -0.03193265 0.03169055 -0.0010461799 -0.001046197 1 1 0 1.2094155E-5
 -0.031934027 0.031657904 -0.0010332306 -0.0010332473 1 1 0 4.8801303E-6
 -0.03193886 0.031629547 -9.97909E-4 -9.979239E-4 1 1 0 5.191192E-6
 -0.031986874 0.03164659 -9.414809E-4 -9.4149716E-4 1 1 0 5.8922917E-5
 -0.031984743 0.031614907 -8.793741E-4 -8.793972E-4 1 1 0 3.6358833E-6
 -0.032026768 0.031630196 -8.135356E-4 -8.135616E-4 1 1 0 9.71742E-6
 -0.032060243 0.031639837 -7.170402E-4 -7.170596E-4 1 1 0 5.600974E-5
 -0.032003973 0.031562928 -6.206181E-4 -6.2063953E-4 1 1 0 -5.3247437E-5
 -0.03204522 0.03158711 -5.132171E-4 -5.1323284E-4 1 1 0 8.229166E-6
 -0.032034826 0.031563856 -3.9690387E-4 -3.9691795E-4 1 1 0 3.2410026E-7
 -0.032068327 0.031587906 -2.7443716E-4 -2.7444697E-4 1 1 0 5.3992495E-5
 -0.03205107 0.03156559 -1.6233492E-4 -1.6233922E-4 1 1 0 -1.7173588E-6
 -0.032037005 0.03154989 -4.9126807E-5 -4.912858E-5 1 1 0 -4.976988E-5
 -0.03206613 0.031581234 7.637581E-5 7.638003E-5 1 1 0 5.1783398E-5
 -0.03204422 0.03156577 1.8373075E-4 1.8374066E-4 1 1 0 -5.191937E-5
 -0.0320668 0.031597942 2.9842247E-4 2.9843545E-4 1 1 0 4.984252E-5
 -0.03203931 0.031583756 3.9029756E-4 3.9031313E-4 1 1 0 -5.3653494E-5
 -0.03205716 0.031617418 4.8534776E-4 4.8536548E-4 1 1 0 4.8322603E-5
 -0.032026123 0.03160445 5.5386324E-4 5.5388454E-4 1 1 0 -5.4948032E-5
 -0.025058309 0.024707673 0.41710317 -0.41281083 1 1 1 -2.1606684E-6
 -0.01610149 0.015768306 0.5361606 -0.53509694 1 1 1 -1.036562E-6
 -0.00754657 0.0071174963 0.5136303 -0.51937866 1 1 1 1.9292347E-6
 6.434886E-4 -0.001315655 0.49241957 -0.50700605 1 1 1 2.210826E-5
 0.008690565 -0.009849501 0.48361593 -0.51284826 1 1 1 8.262455E-5
 0.016514609 -0.018695865 0.46892992 -0.5304092 1 1 1 1.4495617E-4
 0.023657838 -0.028197503 0.4290453 -0.5711688 1 1 1 3.3035874E-4
 0.028994856 -0.03955172 0.318209 -0.68178344 1 1 1 7.794965E-4
 0.028859414 -0.056301374 -0.012390539 -1.0113341 1 1 1 0.0022385884
 0.02537915 -0.07702052 -0.21137005 -1.2436827 1 1 1 0.0029314402
 0.022135206 -0.09770779 -0.19133256 -1.2477524 1 1 1 0.002759086
 0.019513143 -0.11730282 -0.15835647 -1.1785202 1 1 1 0.00223557
 0.017484449 -0.13597214 -0.12551 -1.1205878 1 0 1 0.0017163195
 0.015905978 -0.153989 -0.09447608 -1.0858458 1 0 1 0.0013213195
 0.014953324 -0.17164485 -0.06274874 -1.0586437 1 0 1 8.499883E-4
 0.014494774 -0.18870673 -0.028540125 -1.0277128 1 0 1 3.8650725E-4
 0.014682299 -0.20518534 0.008378573 -0.99131954 1 0 1 -1.107743E-4
 0.015501796 -0.22097291 0.047764346 -0.95131433 1 0 1 -7.128827E-4
 0.017038045 -0.23607437 0.08957585 -0.90895236 1 0 1 -0.0012900075
 0.019367386 -0.25049067 0.13378802 -0.8645829 1 0 1 -0.0019366452
 0.022434974 -0.26408675 0.18056548 -0.81781214 1 0 1 -0.0025867643
 0.0262906 -0.27683368 0.23000208 -0.76838785 1 0 1 -0.0032558646
 0.03103334 -0.28873006 0.282153 -0.71622115 1 0 1 -0.003998935
 0.036705308 -0.29972413 0.33711892 -0.66121554 1 0 1 -0.0048081838
 0.043300826 -0.3097329 0.39502895 -0.60325867 1 0 1 -0.005581675
 0.0509298 -0.31874478 0.45594904 -0.5423142 1 0 1 -0.006431287
 0.059630387 -0.32671452 0.5199884 -0.47827932 1 0 1 -0.007347487
 0.069420576 -0.33353662 0.5872511 -0.41104454 1 0 1 -0.0082787555
 0.08038783 -0.3392228 0.65787184 -0.34046063 1 0 1 -0.009284165
 0.092592604 -0.34370416 0.731979 -0.26641434 1 0 1 -0.010310624
 0.106106415 -0.34690663 0.80970204 -0.18877861 1 0 1 -0.011405919
 0.120893046 -0.34870282 0.8911653 -0.10745586 1 0 1 -0.012459926
 0.13713996 -0.34910953 0.9764995 -0.022271262 1 0 1 -0.013692111
 0.15488906 -0.34807733 1.0658181 0.06677712 1 0 1 -0.014891885
 0.1741633 -0.34549588 1.1593001 0.15999143 1 0 1 -0.016148202
 0.19506381 -0.34128526 1.2570719 0.25742608 1 0 1 -0.017466784
 0.21770144 -0.33543485 1.359285 0.35919774 1 0 1 -0.018847838
 0.24206983 -0.3277852 1.4660717 0.46544 1 0 1 -0.02022037
 0.26826227 -0.3182852 1.5776348 0.5764068 1 0 1 -0.021594703
 0.2964727 -0.30693898 1.6941184 0.69222677 1 0 1 -0.02306807
 0.31397113 -0.3010645 1.0484442 0.36096227 1 1 1 -0.01514335
 0.33403477 -0.3010612 1.2078702 0.0017310284 0 1 1 -0.013588637
 0.3505601 -0.3018202 0.9951431 -0.03795783 0 1 1 -0.011549696
 0.36466637 -0.30430284 0.8473216 -0.14613603 0 1 1 -0.009616166
 0.37674975 -0.30886844 0.7262608 -0.2730135 0 1 1 -0.0077437162
 0.38673332 -0.31556958 0.6000412 -0.40143138 0 1 1 -0.0058666766
 0.39455318 -0.32443905 0.46905765 -0.53259 0 1 1 -0.0039811432
 0.40018985 -0.33557963 0.33426082 -0.6675608 0 1 1 -0.0021353364
 0.40345556 -0.34900564 0.19545324 -0.80658996 0 1 1 -2.6902556E-4
 0.3865857 -0.35229662 -1.0107958 -0.21387634 0 1 2 0.0027892292
 0.36132413 -0.35875675 -1.5127555 -0.35934064 0 1 2 0.0049053133
 0.35423207 -0.35161895 -0.41418865 0.41525146 1 1 2 -1.1754036E-4
 0.34542632 -0.34273055 -0.5344428 0.5401185 1 1 2 -1.8066168E-4
 0.33681184 -0.33406618 -0.5178628 0.5216999 1 1 2 -1.6379356E-4
 0.3285507 -0.3257261 -0.49848497 0.5024527 1 1 2 -1.912117E-4
 0.32024947 -0.31736094 -0.49556386 0.49978226 1 1 2 -1.18494034E-4
 0.31200486 -0.30905318 -0.4971854 0.5015355 1 1 2 -1.8805265E-4
 0.3036937 -0.3006526 -0.49788725 0.5023675 1 1 2 -1.8391013E-4
 0.29545018 -0.2923288 -0.4976355 0.5026011 1 1 2 -1.9598007E-4
 0.2871004 -0.2838987 -0.49746 0.5025718 1 1 2 -1.347363E-4
 0.2788367 -0.27554795 -0.49726892 0.5027282 1 1 2 -1.9434094E-4
 0.2705563 -0.26717302 -0.49708712 0.50291187 1 1 2 -1.9285083E-4
 0.26231417 -0.25880986 -0.4968976 0.5031119 1 1 2 -1.9821525E-4
 0.254046 -0.2504282 -0.49669176 0.50332 1 1 2 -1.9660592E-4
 0.25302988 -0.24939382 -0.06607941 0.06702072 1 1 3 -1.3628602E-4
 0.25310975 -0.2493547 0.0058021317 0.0059957085 1 1 3 -9.903312E-5
 0.25306246 -0.24935322 -0.0017695783 -0.0017446876 1 1 3 1.847744E-5
 0.2530467 -0.24941482 -0.0033398042 -0.0033468371 1 1 3 7.1287155E-5
 0.2530089 -0.24940501 -0.001757176 -0.001760675 1 1 3 1.835823E-5
 0.25302497 -0.24943525 -5.7739504E-5 -5.786165E-5 1 1 3 -2.9206276E-6
 0.25301743 -0.24939553 5.789878E-4 5.8011455E-4 1 1 3 -1.3709068E-6
 0.25303933 -0.24942017 4.3618464E-4 4.3704073E-4 1 1 3 -7.1525574E-6
 0.25302455 -0.2493878 9.990895E-5 1.0012866E-4 1 1 3 2.6524067E-6
 0.2530391 -0.24941987 -7.968961E-5 -7.984281E-5 1 1 3 -2.771616E-6
 0.25302175 -0.24939023 -9.6370524E-5 -9.6544194E-5 1 1 3 4.2915344E-6
 0.25303715 -0.24942157 -3.592994E-5 -3.5982866E-5 1 1 3 -3.1590462E-6
 0.25302133 -0.2493905 4.4846865E-6 4.4820863E-6 1 1 3 3.3974648E-6
 0.25303745 -0.24942116 2.0182166E-5 2.0241754E-5 1 1 3 -3.6358833E-6
 0.2530217 -0.24939002 8.51328E-6 8.524614E-6 1 1 3 3.3974648E-6
 0.25303763 -0.24942094 3.1225798E-6 3.1260065E-6 1 1 3 -3.4868717E-6
 0.25302163 -0.24939005 -5.0644207E-6 -5.062463E-6 1 1 3 3.516674E-6
 0.2530375 -0.24942103 -4.4169212E-7 -4.552395E-7 1 1 3 -3.4868717E-6
 0.25302157 -0.24939011 -2.7984893E-6 -2.7598007E-6 1 1 3 3.516674E-6
 0.2530375 -0.24942105 2.4390515E-6 2.4395204E-6 1 1 3 -3.4868717E-6
 0.25302172 -0.24938995 6.2569998E-6 8.452702E-6 1 1 0 3.427267E-6
 0.25303775 -0.24942078 8.17688E-6 8.179087E-6 1 1 0 -3.5762787E-6
 0.25302184 -0.24938981 -6.129897E-7 -6.3256357E-7 1 1 0 3.4868717E-6
 0.25303772 -0.24942076 4.6514015E-7 4.6815885E-7 1 1 0 -3.4868717E-6
 0.25302178 -0.24938986 -3.2747594E-6 -3.2581029E-6 1 1 0 3.516674E-6
 0.2530377 -0.24942079 1.3376986E-6 1.3427053E-6 1 1 0 -3.4868717E-6
 0.25302178 -0.24938986 -1.7029398E-6 -1.7150912E-6 1 1 0 3.4868717E-6
 0.25303772 -0.2494208 2.128057E-6 2.1254814E-6 1 1 0 -3.4868717E-6
 0.2530218 -0.24938987 -1.6904461E-6 -1.6919132E-6 1 1 0 3.4868717E-6
 0.25303775 -0.24942085 1.8612482E-6 1.8688131E-6 1 1 0 -3.516674E-6
 0.25302184 -0.24938992 0.0 0.0 1 1 0 3.516674E-6
 0.25302184 -0.24938992 0.0 0.0 1 1 0 0.0
 0.25302184 -0.24938992 0.0 0.0 1 1 0 0.0
 0.25302184 -0.24938992 0.0 0.0 1 1 0 0.0
 0.25302184 -0.24938992 0.0 0.0 1 1 0 0.0
 0.25302184 -0.24938992 0.0 0.0 1 1 0 0.0
 0.25302184 -0.24938992 0.0 0.0 1 1 0 0.0
 0.25302184 -0.24938992 0.0 0.0 1 1 0 0.0
 0.25302184 -0.24938992 0.0 0.0 1 1 0 0.0
 0.25302184 -0.24938992 0.0 0.0 1 1 0 0.0
 0.25302184 -0.24938992 0.0 0.0 1 1 0 0.0
 0.25302184 -0.24938992 0.0 0.0 1 1 0 0.0
 0.25302184 -0.24938992 0.0 0.0 1 1 0 0.0
 0.25302184 -0.24938992 0.0 0.0 1 1 0 0.0
 0.25302184 -0.24938992 0.0 0.0 1 1 0 0.0
 0.25302184 -0.24938992 0.0 0.0 1 1 0 0.0
 0.25302184 -0.24938992 0.0 0.0 1 1 0 0.0
 0.25302184 -0.24938992 0.0 0.0 1 1 0 0.0
 0.25302184 -0.24938992 0.0 0.0 1 1 0 0.0
 0.25302184 -0.24938992 0.0 0.0 1 1 0 0.0
 0.25302184 -0.24938992 0.0 0.0 1 1 0 0.0
 0.25302184 -0.24938992 0.0 0.0 1 1 0 0.0
 0.25302184 -0.24938992 0.0 0.0 1 1 0 0.0
 0.25302184 -0.24938992 0.0 0.0 1 1 0 0.0
 0.25302184 -0.24938992 0.0 0.0 1 1 0 0.0
 0.25302184 -0.24938992 0.0 0.0 1 1 0 0.0
 0.25302184 -0.24938992 0.0 0.0 1 1 0 0.0
 0.25302184 -0.24938992 0.0 0.0 1 1 0 0.0
 0.25302184 -0.24938992 0.0 0.0 1 1 0 0.0
 0.25302184 -0.24938992 0.0 0.0 1 1 0 0.0
 0.25302184 -0.24938992 0.0 0.0 1 1 0 0.0
 0.25302184 -0.24938992 0.0 0.0 1 1 0 0.0
 0.25302184 -0.24938992 0.0 0.0 1 1 0 0.0
 0.25302184 -0.24938992 0.0 0.0 1 1 0 0.0
 0.25302184 -0.24938992 0.0 0.0 1 1 0 0.0
 0.25302184 -0.24938992 0.0 0.0 1 1 0 0.0
 0.25302184 -0.24938992 0.0 0.0 1 1 0 0.0
 0.25302184 -0.24938992 0.0 0.0 1 1 0 0.0
 0.25302184 -0.24938992 0.0 0.0 1 1 0 0.0
 0.25302184 -0.24938992 0.0 0.0 1 1 0 0.0
 0.25302184 -0.24938992 0.0 0.0 1 1 0 0.0
 0.25302184 -0.24938992 0.0 0.0 1 1 0 0.0
 0.25302184 -0.24938992 0.0 0.0 1 1 0 0.0
 0.25302184 -0.24938992 0.0 0.0 1 1 0 0.0
 0.25302184 -0.24938992 0.0 0.0 1 1 0 0.0
 0.25302184 -0.24938992 0.0 0.0 1 1 0 0.0
 0.25302184 -0.24938992 0.0 0.0 1 1 0 0.0
 0.25302184 -0.24938992 0.0 0.0 1 1 0 0.0
 0.25302184 -0.24938992 0.0 0.0 1 1 0 0.0
 0.26061478 -0.25703454 0.45584607 -0.45615077 1 1 1 2.1129847E-5
 0.2693036 -0.26578882 0.522047 -0.52618194 1 1 1 1.0976195E-4
