 0.0 0.0 0.0 0.0 1 1 3 0.0
 0.0 0.0 0.0 0.0 1 1 3 0.0
 0.0 0.0 0.0 0.0 1 1 3 0.0
 0.0 0.0 0.0 0.0 1 1 3 0.0
 0.0 0.0 0.0 0.0 1 1 3 0.0
 0.0 0.0 0.0 0.0 1 1 3 0.0
 0.0 0.0 0.0 0.0 1 1 3 0.0
 0.0 0.0 0.0 0.0 1 1 3 0.0
 0.0 0.0 0.0 0.0 1 1 3 0.0
 0.0 0.0 0.0 0.0 1 1 3 0.0
 0.0 0.0 0.0 0.0 1 1 3 0.0
 0.0 0.0 0.0 0.0 1 1 3 0.0
 0.0 0.0 0.0 0.0 1 1 3 0.0
 0.0 0.0 0.0 0.0 1 1 3 0.0
 0.0 0.0 0.0 0.0 1 1 3 0.0
 0.0 0.0 0.0 0.0 1 1 3 0.0
 0.0 0.0 0.0 0.0 1 1 3 0.0
 0.0 0.0 0.0 0.0 1 1 3 0.0
 0.0 0.0 0.0 0.0 1 1 3 0.0
 0.0 0.0 0.0 0.0 1 1 3 0.0
 0.0 0.0 0.0 0.0 1 1 3 0.0
 0.0 0.0 0.0 0.0 1 1 3 0.0
 0.0 0.0 0.0 0.0 1 1 3 0.0
 0.0 0.0 0.0 0.0 1 1 0 0.0
 0.0 0.0 0.0 0.0 1 1 0 0.0
 0.0 0.0 0.0 0.0 1 1 0 0.0
 0.0 0.0 0.0 0.0 1 1 0 0.0
 0.0 0.0 0.0 0.0 1 1 0 0.0
 0.0 0.0 0.0 0.0 1 1 0 0.0
 0.0 0.0 0.0 0.0 1 1 0 0.0
 0.0 0.0 0.0 0.0 1 1 0 0.0
 0.0 0.0 0.0 0.0 1 1 0 0.0
 0.0 0.0 0.0 0.0 1 1 0 0.0
 0.0 0.0 0.0 0.0 1 1 0 0.0
 0.0 0.0 0.0 0.0 1 1 0 0.0
 0.0 0.0 0.0 0.0 1 1 0 0.0
 0.0 0.0 0.0 0.0 1 1 0 0.0
 0.0 0.0 0.0 0.0 1 1 0 0.0
 0.0 0.0 0.0 0.0 1 1 0 0.0
 0.0 0.0 0.0 0.0 1 1 0 0.0
 0.0 0.0 0.0 0.0 1 1 0 0.0
 0.0 0.0 0.0 0.0 1 1 0 0.0
 0.0 0.0 0.0 0.0 1 1 0 0.0
 0.0 0.0 0.0 0.0 1 1 0 0.0
 0.0 0.0 0.0 0.0 1 1 0 0.0
 0.0 0.0 0.0 0.0 1 1 0 0.0
 0.0 0.0 0.0 0.0 1 1 0 0.0
 0.0 0.0 0.0 0.0 1 1 0 0.0
 0.0 0.0 0.0 0.0 1 1 0 0.0
 0.0 0.0 0.0 0.0 1 1 0 0.0
 0.0 0.0 0.0 0.0 1 1 0 0.0
 0.0 0.0 0.0 0.0 1 1 0 0.0
 0.0 0.0 0.0 0.0 1 1 0 0.0
 0.0 0.0 0.0 0.0 1 1 0 0.0
 0.0 0.0 0.0 0.0 1 1 0 0.0
 0.0 0.0 0.0 0.0 1 1 0 0.0
 0.0 0.0 0.0 0.0 1 1 0 0.0
 0.0 0.0 0.0 0.0 1 1 0 0.0
 0.0 0.0 0.0 0.0 1 1 0 0.0
 0.0 0.0 0.0 0.0 1 1 0 0.0
 0.0 0.0 0.0 0.0 1 1 0 0.0
 0.0 0.0 0.0 0.0 1 1 0 0.0
 0.0 0.0 0.0 0.0 1 1 0 0.0
 0.0 0.0 0.0 0.0 1 1 0 0.0
 0.0 0.0 0.0 0.0 1 1 0 0.0
 0.0 0.0 0.0 0.0 1 1 0 0.0
 0.0 0.0 0.0 0.0 1 1 0 0.0
 0.0 0.0 0.0 0.0 1 1 0 0.0
 0.0 0.0 0.0 0.0 1 1 0 0.0
 0.0 0.0 0.0 0.0 1 1 0 0.0
 0.0 0.0 0.0 0.0 1 1 0 0.0
 0.0 0.0 0.0 0.0 1 1 0 0.0
 0.0 0.0 0.0 0.0 1 1 0 0.0
 0.0 0.0 0.0 0.0 1 1 0 0.0
 0.0 0.0 0.0 0.0 1 1 0 0.0
 0.0 0.0 0.0 0.0 1 1 0 0.0
 0.0 0.0 0.0 0.0 1 1 0 0.0
 0.006957368 -0.0069573694 0.4193771 -0.4193771 1 1 1 3.0626077E-5
 0.015936166 -0.015933378 0.53494763 -0.53477913 1 1 1 -5.4143835E-5
 0.024501767 -0.024489334 0.5155978 -0.51501805 1 1 1 9.233132E-6
 0.032835726 -0.032798123 0.50031567 -0.49877992 1 1 1 -1.1781231E-5
 0.041223634 -0.041102406 0.5009078 -0.495858 1 1 1 -2.143532E-5
 0.049646575 -0.049269833 0.50752026 -0.49194682 1 1 1 1.551956E-5
 0.05839107 -0.05719258 0.5252031 -0.47500515 1 1 1 -1.2072176E-4
 0.06810869 -0.064104564 0.58626986 -0.41380018 1 1 1 -2.8830394E-4
 0.08145448 -0.0674276 0.80980617 -0.18971479 1 1 1 -0.0010433495
 0.10040009 -0.06489603 1.1384015 0.15684067 1 1 1 -0.002210781
 0.12019175 -0.06277045 1.1937965 0.1270047 1 1 1 -0.001808837
 0.13866393 -0.06150866 1.1147468 0.075287804 1 1 1 -0.0010475293
 0.15568885 -0.06126704 1.0226203 0.020173436 0 1 1 -2.4028867E-4
 0.17162848 -0.061911993 0.9571039 -0.032784466 0 1 1 4.7593564E-4
 0.18667485 -0.06337361 0.90744716 -0.08545344 0 1 1 0.0012459904
 0.2009152 -0.065762885 0.857655 -0.14019482 0 1 1 0.00198327
 0.2142462 -0.06913877 0.80169636 -0.19796662 0 1 1 0.0028155446
 0.22653772 -0.07349666 0.74058473 -0.25869146 0 1 1 0.003708899
 0.2377806 -0.07892724 0.6764015 -0.32214603 0 1 1 0.0045188367
 0.2478925 -0.085423976 0.60973406 -0.38846096 0 1 1 0.005497128
 0.2569146 -0.093131155 0.5404995 -0.45769703 0 1 1 0.006436616
 0.26465935 -0.101961866 0.46823433 -0.5300615 0 1 1 0.0075093657
 0.27123278 -0.112097345 0.39270824 -0.60566354 0 1 1 0.008489683
 0.2764628 -0.123511195 0.31373632 -0.6846859 0 1 1 0.00964205
 0.28035024 -0.13630411 0.23124163 -0.7672518 0 1 1 0.010715485
 0.2827472 -0.15045638 0.14504328 -0.85354334 0 1 1 0.012005568
 0.2837302 -0.16618103 0.05510097 -0.9436598 0 1 1 0.01315549
 0.28318202 -0.18348137 -0.0388015 -1.037791 0 1 1 0.014423609
 0.28093526 -0.202361 -0.13684893 -1.1361036 0 1 1 0.015764937
 0.27704206 -0.22297584 -0.23914926 -1.2387561 0 1 1 0.017104074
 0.27138567 -0.24535444 -0.3459059 -1.3459188 0 1 1 0.018550873
 0.2638806 -0.2696049 -0.4571345 -1.4577119 0 1 1 0.019953504
 0.25792786 -0.28750816 -0.3831642 -1.0853586 1 1 1 0.014469847
 0.24296917 -0.2916852 -0.8741951 -0.25932235 1 0 2 0.012132257
 0.23089696 -0.28657967 -0.7292168 0.30336314 1 0 2 0.010002136
 0.22110114 -0.27766532 -0.60656756 0.5352553 1 0 2 0.00824067
 0.21303308 -0.26793802 -0.49738607 0.5826169 1 0 2 0.006765187
 0.20656402 -0.25765166 -0.3917019 0.613457 1 0 2 0.005404249
 0.2018907 -0.24606715 -0.28422478 0.69360095 1 0 2 0.00392586
 0.19902414 -0.232532 -0.1751223 0.8092938 1 0 2 0.0023993999
 0.1979527 -0.21692498 -0.06622326 0.93074614 1 0 2 8.754432E-4
 0.19173346 -0.21036631 -0.36250377 0.3917369 1 1 2 0.0033281744
 0.18323827 -0.20261908 -0.51060516 0.4646454 1 1 2 0.0034913123
 0.17435284 -0.19456623 -0.5371357 0.48619893 1 1 2 0.0035191774
 0.16547254 -0.18658812 -0.5317035 0.47695193 1 1 2 0.003588885
 0.15665452 -0.17877012 -0.5293101 0.47001538 1 1 2 0.003577605
 0.14774202 -0.17094775 -0.5319952 0.46682572 1 1 2 0.0036444366
 0.13884017 -0.16325253 -0.53598654 0.46382642 1 1 2 0.0036400557
 0.12984505 -0.15559345 -0.54015046 0.4599504 1 1 2 0.0037007928
 0.12074522 -0.14800036 -0.5449827 0.45507416 1 1 2 0.0037143528
 0.111623414 -0.14056578 -0.55041635 0.44959623 1 1 2 0.0037631392
 0.10232048 -0.13316616 -0.55702734 0.4429815 1 1 2 0.0038794875
 0.09286251 -0.12589367 -0.56530595 0.43471226 1 1 2 0.0039389133
 0.08331088 -0.118858844 -0.57534605 0.42467222 1 1 2 0.0039848387
 0.07352292 -0.11200274 -0.5877978 0.41221812 1 1 2 0.004091352
 0.063451745 -0.10538639 -0.6034112 0.39661336 1 1 2 0.004193753
 0.053069767 -0.09913025 -0.6235734 0.37645072 1 1 2 0.004379958
 0.042213146 -0.09330248 -0.6505806 0.34945416 1 1 2 0.004516095
 0.030736918 -0.088059574 -0.6867193 0.31331322 1 1 2 0.0048294663
 0.018434599 -0.08369916 -0.73791254 0.26212558 1 1 2 0.005063623
 0.0049327095 -0.08058167 -0.8111007 0.1889101 1 1 2 0.0055470467
 -0.0014926182 -0.08431067 -0.40611762 -0.20756674 1 1 3 0.005561918
 -0.008585586 -0.09124165 -0.42708042 -0.4223925 1 1 3 0.0059930384
 -0.015658831 -0.099107064 -0.42321727 -0.47300926 1 1 3 0.005974829
 -0.022526221 -0.10641175 -0.41046572 -0.43978027 1 1 3 0.005839914
 -0.029170837 -0.11310283 -0.39850223 -0.40158495 1 1 3 0.0056098104
 -0.035682973 -0.11955487 -0.39154556 -0.38636023 1 1 3 0.005558789
 -0.042158328 -0.12597862 -0.38829038 -0.38562155 1 0 3 0.005441785
 -0.04860383 -0.13243969 -0.38685185 -0.3875623 1 0 3 0.0054778755
 -0.055037282 -0.13892621 -0.38669604 -0.3885171 1 0 3 0.0054260194
 -0.061527293 -0.14539272 -0.38792905 -0.38942742 1 0 3 0.0054856837
 -0.068011716 -0.1519541 -0.39084092 -0.39191595 1 0 3 0.005496025
 -0.07465821 -0.15850592 -0.39547864 -0.3964089 1 0 3 0.0056332946
 -0.081309885 -0.16526961 -0.40195203 -0.40297362 1 0 3 0.0056124926
 -0.088185675 -0.17208154 -0.41009367 -0.41114497 1 0 3 0.0058212876
 -0.095169835 -0.17911884 -0.42007452 -0.4211942 1 0 3 0.005878061
 -0.10234743 -0.18635467 -0.43185306 -0.4329834 1 0 3 0.006097734
 -0.10979242 -0.19378018 -0.4455286 -0.4466944 1 0 3 0.006240189
 -0.11748519 -0.20147732 -0.46110523 -0.4622868 1 0 3 0.0064829886
 -0.12542045 -0.20951946 -0.4786985 -0.47993252 1 0 3 0.0066854954
 -0.13376838 -0.21780361 -0.4983348 -0.49960652 1 0 3 0.007015407
 -0.14242058 -0.22651386 -0.52018136 -0.5215337 1 0 3 0.0072908103
 -0.15151146 -0.23558943 -0.5442848 -0.5456954 1 0 3 0.0076411366
 -0.16393149 -0.26045778 -0.76704556 -1.473635 1 0 1 0.010420531
 -0.17850664 -0.29381037 -0.86715597 -2.0123363 1 0 1 0.012182534
 -0.19344443 -0.327684 -0.89122915 -2.0416725 1 0 1 0.012456417
 -0.20840344 -0.3599049 -0.897439 -1.9385163 1 0 1 0.01243639
 -0.22354414 -0.39151746 -0.91379565 -1.897227 1 0 1 0.012531519
 -0.23913558 -0.42350313 -0.93986803 -1.9216585 1 0 1 0.012897372
 -0.25519174 -0.45622545 -0.9689651 -1.9649544 1 0 1 0.013232052
 -0.27175212 -0.48953056 -0.9978527 -2.001756 1 0 1 0.013607025
 -0.28876907 -0.5233467 -1.0268295 -2.031341 1 0 1 0.013871551
 -0.30626848 -0.5576301 -1.0565629 -2.0593226 1 0 1 0.01422435
 -0.32432824 -0.5923803 -1.0877492 -2.0896087 1 0 1 0.014632285
 -0.34286743 -0.62772286 -1.1205009 -2.122493 1 0 1 0.014884889
 -0.36205438 -0.663562 -1.1546652 -2.1569636 1 0 1 0.015338242
 -0.38176206 -0.70007306 -1.1906285 -2.1933634 1 0 1 0.01563263
 -0.40211427 -0.73718286 -1.2283765 -2.2312837 1 0 1 0.016023338
 -0.42309707 -0.77498174 -1.2679881 -2.2710555 1 0 1 0.016361177
 -0.44478014 -0.81345713 -1.3096944 -2.31294 1 0 1 0.016826212
 -0.46714917 -0.8527043 -1.3536645 -2.357249 1 0 1 0.0171476
 -0.490283 -0.8927079 -1.3999236 -2.4036818 1 0 1 0.017547488
 -0.51426506 -0.9334975 -1.4486911 -2.4527268 1 0 1 0.01798755
 -0.5390574 -0.9751645 -1.5003029 -2.504734 1 0 1 0.018396318
 -0.5647215 -1.0177661 -1.5547177 -2.559477 1 0 1 0.018749058
 -0.59133923 -1.0613157 -1.6120228 -2.6170208 1 0 1 0.01916629
 -0.6189472 -1.1058866 -1.6726792 -2.6781266 1 0 1 0.019554973
 -0.6476231 -1.1515061 -1.7365198 -2.7423763 1 0 1 0.019952893
 -0.6773555 -1.1982903 -1.8040934 -2.8104722 1 0 1 0.02026534
 -0.70825183 -1.24627 -1.8751466 -2.8818908 1 0 1 0.020616353
 -0.7403935 -1.2954824 -1.9501451 -2.957471 1 0 1 0.020913303
 -0.77379113 -1.3460733 -2.029243 -3.0371728 1 0 1 0.021184266
 -0.81033194 -1.3990164 -2.217168 -3.18741 1 0 1 0.021516502
 -0.84861314 -1.4540073 -2.328928 -3.3016167 1 0 1 0.021442711
 -0.8865154 -1.5093708 -2.3040059 -3.3223922 1 0 1 0.021029174
 -0.9282049 -1.5670512 -2.5418406 -3.4460676 1 0 1 0.021122813
 -0.9718336 -1.6281857 -2.6577923 -3.666895 1 0 1 0.02067697
 -1.0175965 -1.6920173 -2.7860875 -3.8271658 1 0 1 0.02002287
 -1.0654728 -1.7579969 -2.9177456 -3.9535394 1 0 1 0.019162416
 -1.1154613 -1.8259225 -3.048525 -4.069301 1 0 1 0.018153071
 -1.1675113 -1.8958243 -3.1763349 -4.1886024 1 0 1 0.01693201
 -1.2215513 -1.9678231 -3.3000183 -4.311234 1 0 1 0.015565872
 -1.2775367 -2.0418465 -3.4191492 -4.4320874 1 0 1 0.014049888
 -1.3353424 -2.1178513 -3.5334074 -4.547195 1 0 1 0.01238811
 -1.394866 -2.19568 -3.6432636 -4.6562233 1 0 1 0.010576963
 -1.4561313 -2.2753222 -3.749569 -4.7608747 1 0 1 0.008706689
 -1.51904 -2.356674 -3.8533287 -4.863314 1 0 1 0.006725669
 -1.5836129 -2.4397662 -3.9558754 -4.964839 1 0 1 0.0046954155
 -1.5881673 -2.4415169 7.748604E-7 -0.34083563 1 0 1 0.012406945
 -1.5738436 -2.4468048 1.0259917 -0.29633227 1 0 1 6.365776E-5
 -1.5809969 -2.4793117 1.4901161E-8 -1.261435 1 0 1 0.010207653
 -1.579967 -2.4981704 -7.4505806E-9 -1.2069619 1 0 1 0.0066775084
 -1.5789372 -2.5136788 -7.4505806E-8 -0.98598367 1 0 1 0.006765008
 -1.5778904 -2.5288074 -1.0244548E-8 -0.9496375 1 0 1 0.006252885
 -1.5770353 -2.5446918 -9.732321E-8 -0.988519 1 0 1 0.005524516
 -1.5767586 -2.5612817 1.8987339E-7 -1.0070165 1 0 1 0.0048168898
 -1.5765107 -2.577812 -1.2293458E-7 -1.0046155 1 0 1 0.004237652
 -1.5762547 -2.5943608 3.8184226E-8 -1.0004324 1 0 1 0.003681779
 -1.5759621 -2.6108496 9.930227E-8 -0.99977773 1 0 1 0.00309062
 -1.5757922 -2.6273763 3.405148E-8 -1.0003675 1 0 1 0.0025207996
 -1.5755502 -2.6439512 1.8218998E-8 -1.0006269 1 0 1 0.0019437075
 -1.5753136 -2.6605062 -3.160676E-8 -1.0006104 1 0 1 0.0013611317
 -1.5751352 -2.6771114 -3.1723175E-8 -1.0005784 1 0 1 7.9619884E-4
 -1.5749938 -2.693686 -1.792796E-8 -1.0005889 1 0 1 2.193451E-4
 -1.5747455 -2.7100322 -9.9651515E-8 -0.98502654 1 0 1 -5.2452087E-6
 -1.5744196 -2.726305 -1.3038516E-8 -0.98088044 1 0 1 -1.9907951E-5
 -1.5742632 -2.7427568 6.9849193E-9 -0.9925555 1 0 1 -9.894371E-6
 -1.5741185 -2.7594142 -1.253793E-7 -1.0023451 1 0 1 2.2649765E-6
 -1.574026 -2.7761092 -3.213063E-8 -1.0050269 1 0 1 3.8146973E-6
 -1.5739515 -2.7927587 9.6159056E-8 -1.0034435 1 0 1 -7.1525574E-7
 -1.5737936 -2.8094182 1.8649735E-7 -1.0014143 1 0 1 0.0
 -1.5736724 -2.826081 -7.916242E-9 -1.0005629 1 0 1 1.3113022E-6
 -1.5735672 -2.8427608 -2.1228334E-7 -1.0006995 1 0 1 3.2186508E-6
 -1.5734857 -2.8593981 -2.3748726E-8 -1.0011069 1 0 1 -3.9339066E-6
 -1.5734069 -2.8760805 -5.0407834E-8 -1.0013659 1 0 1 2.3841858E-6
 -1.5732833 -2.8927314 4.2608008E-8 -1.0014117 1 0 1 -4.887581E-6
 -1.5731999 -2.909427 -3.4924597E-9 -1.001366 1 0 1 2.3841858E-6
 -1.5731466 -2.9260828 -1.4575198E-7 -1.0013219 1 0 1 -3.0994415E-6
 -1.5730506 -2.9427226 -1.3096724E-7 -1.0013205 1 0 1 -7.390976E-6
 -1.5729821 -2.9594176 -1.3818499E-7 -1.0013428 1 0 1 1.5497208E-6
 -1.5728804 -2.9760857 -1.4342368E-7 -1.0013727 1 0 1 -3.695488E-6
 -1.5728261 -2.9928026 -6.670598E-8 -1.0013912 1 0 1 4.172325E-6
 -1.5727243 -3.0094872 -1.5820842E-7 -1.0014098 1 0 1 -1.3113022E-6
 -1.5726616 -3.026151 1.3387762E-8 -1.0014237 1 0 1 -3.33786E-6
 -1.5726202 -3.0428689 -8.731149E-9 -1.001436 1 0 1 4.6491623E-6
 -1.5725275 -3.059556 2.4912879E-8 -1.0014498 1 0 1 -1.1920929E-7
 -1.5724703 -3.0762248 1.8277206E-8 -1.0014561 1 0 1 -2.1457672E-6
 -1.5724345 -3.0928833 3.7252903E-9 -1.0014683 1 0 1 -3.5762787E-6
 -1.5723436 -3.109604 -1.967419E-8 -1.0014771 1 0 1 5.2452087E-6
 -1.5722866 -3.1262963 1.0302756E-7 -1.0014908 1 0 1 1.4305115E-6
 -1.5721842 -3.142973 2.6321504E-7 -1.0015044 1 0 1 -5.9604645E-7
 -1.572121 -3.1597078 -1.010485E-7 -1.0015156 1 0 1 7.867813E-6
 -1.5720824 -3.176413 1.12340786E-7 -1.0015246 1 0 1 3.5762787E-6
 -1.5719922 -3.1931002 -4.9476512E-8 -1.001534 1 0 1 1.5497208E-6
 -1.5719361 -3.209778 -1.9138679E-7 -1.001536 1 0 1 0.0
 -1.5719 -3.2264526 -1.0966323E-7 -1.0015435 1 0 1 -7.1525574E-7
 -1.5718125 -3.2431905 5.5879354E-9 -1.0015513 1 0 1 9.417534E-6
 -1.5717599 -3.259903 5.401671E-8 -1.0015591 1 0 1 5.2452087E-6
 -1.5716618 -3.2765987 9.359792E-8 -1.0015678 1 0 1 3.9339066E-6
 -1.571601 -3.2932873 1.01164915E-7 -1.0015682 1 0 1 2.2649765E-6
 -1.5715619 -3.3099742 3.1432137E-9 -1.0015726 1 0 1 1.66893E-6
 -1.57147 -3.3266573 1.0244548E-8 -1.0015758 1 0 1 2.6226044E-6
 -1.5714166 -3.3434079 -1.2700912E-7 -1.001576 1 0 1 1.1563301E-5
 -1.5713141 -3.3600643 -9.208452E-8 -1.0015876 1 0 1 -4.7683716E-7
 -1.5712539 -3.3768 -5.7043508E-9 -1.001583 1 0 1 9.775162E-6
 -1.5712171 -3.393521 -9.313226E-10 -1.0015881 1 0 1 7.1525574E-6
 -1.5711284 -3.410229 6.298069E-8 -1.0015881 1 0 1 7.1525574E-6
 -1.5710735 -3.4269338 1.1641532E-8 -1.0015879 1 0 1 5.722046E-6
 -1.5709735 -3.443632 8.1490725E-9 -1.0015895 1 0 1 6.7949295E-6
 -1.5709114 -3.4603317 1.6449485E-7 -1.0015885 1 0 1 5.4836273E-6
 -1.5708804 -3.4771013 1.1152588E-7 -1.001586 1 0 1 1.4662743E-5
 -1.5707912 -3.493777 -1.374865E-7 -1.0015842 1 0 1 3.5762787E-6
 -1.5707436 -3.510532 -1.4901161E-8 -1.001581 1 0 1 1.3709068E-5
 -1.5706432 -3.5271986 8.777715E-8 -1.0015781 1 0 1 3.33786E-6
 -1.5705888 -3.5439484 6.91507E-8 -1.0015734 1 0 1 1.3709068E-5
 -1.5705476 -3.5606244 1.9324943E-8 -1.0015678 1 0 1 1.5497208E-6
 -1.5704645 -3.5773752 9.5693395E-8 -1.0015604 1 0 1 1.6331673E-5
 -1.570418 -3.5941138 5.6810677E-8 -1.0015577 1 0 1 1.2040138E-5
 -1.570316 -3.6107743 -1.0477379E-8 -1.0015486 1 0 1 3.695488E-6
 -1.5768859 -3.617973 -0.28546935 -0.40008336 1 0 3 0.0011042356
 -1.5824733 -3.6234627 -0.35836768 -0.33343688 1 0 3 6.2930584E-4
 -1.5871176 -3.6279147 -0.32414356 -0.27897334 1 0 3 2.7036667E-4
 -1.5906385 -3.6313803 -0.2343905 -0.21213607 1 0 3 2.1278858E-4
 -1.593053 -3.6337986 -0.14593643 -0.14664698 1 0 3 1.3875961E-4
 -1.5944295 -3.635143 -0.07260693 -0.07917669 1 0 3 6.9856644E-5
 -1.5945922 -3.6353292 -0.0073719337 -0.0109626185 1 0 3 1.0728836E-5
 -1.5936209 -3.6343944 0.05744757 0.057256073 1 0 3 -5.209446E-5
 -1.5915315 -3.6323135 0.124455094 0.12539087 1 0 3 -1.20162964E-4
 -1.5883334 -3.6290777 0.19306229 0.1936894 1 0 3 -1.9323826E-4
 -1.5839182 -3.6247134 0.26230055 0.26244557 1 0 3 -2.528429E-4
 -1.5783924 -3.619185 0.33189747 0.33187535 1 0 3 -3.2830238E-4
 -1.5716817 -3.6125064 0.40211073 0.40215296 1 0 3 -3.9482117E-4
 -1.5702885 -3.6090572 -2.9802322E-8 0.17740753 1 0 3 -1.2910366E-4
 -1.5698955 -3.6088603 -1.3783574E-7 0.009155637 1 0 3 -3.3700466E-4
 -1.570438 -3.6096208 -7.4505806E-9 -0.040917657 1 0 3 -7.331371E-5
 -1.5710335 -3.6107342 1.1920929E-7 -0.05765377 1 0 3 3.9100647E-5
 -1.5714557 -3.6115944 -1.0803342E-7 -0.04117918 1 0 3 3.540516E-5
 -1.5715481 -3.611778 -7.543713E-8 -0.01151561 1 0 3 2.7418137E-6
 -1.5714552 -3.611632 -1.5739352E-7 0.009016813 1 0 3 -1.1920929E-6
 -1.5713114 -3.6113217 -7.171184E-8 0.014993688 1 0 3 -1.3947487E-5
 -1.5711817 -3.6110933 -2.4214387E-7 0.010726081 1 0 3 -8.821487E-6
 -1.5711374 -3.6110282 -5.4948032E-8 0.0033154213 1 0 3 -1.66893E-6
 -1.571199 -3.6110916 -1.641456E-7 -0.0020888054 1 0 3 2.1457672E-6
 -1.5712079 -3.611152 2.2677705E-7 -0.0038277318 1 0 3 2.6226044E-6
 -1.5712467 -3.6112344 3.5390258E-8 -0.0028469176 1 0 3 5.4836273E-6
 -1.5712718 -3.6112244 -3.9639417E-8 -9.575089E-4 1 0 3 -5.00679E-6
 -1.5712901 -3.611261 2.6001362E-7 4.80515E-4 1 0 3 5.364418E-6
 -1.5712186 -3.6111844 4.7613867E-8 9.736826E-4 1 0 3 -5.364418E-6
 -1.5712371 -3.611195 -7.8522135E-8 7.5482554E-4 1 0 3 1.66893E-6
 -1.5712471 -3.6112025 -4.1443855E-8 2.7371224E-4 1 0 3 9.536743E-7
 -1.5712554 -3.6112134 3.1810487E-8 -1.0594633E-4 1 0 3 9.536743E-7
 -1.5712643 -3.611227 1.5861588E-7 -2.479125E-4 1 0 3 1.1920929E-6
 -1.5712729 -3.6112394 -1.2907549E-8 -1.9905111E-4 1 0 3 9.536743E-7
 -1.5712669 -3.6111856 2.15412E-7 -8.138162E-5 1 0 3 -8.34465E-6
 -1.5712696 -3.611215 5.1577445E-8 2.3196106E-5 1 0 3 4.529953E-6
 -1.5712739 -3.6112304 -8.706411E-8 6.5294764E-5 1 0 3 2.3841858E-6
 -1.5712776 -3.6112385 -1.1271186E-7 5.484861E-5 1 0 3 1.0728836E-6
 -1.5712677 -3.611181 -4.9432856E-8 1.8011528E-5 1 0 3 -8.46386E-6
 -1.5712683 -3.6112099 5.4953944E-8 -4.902309E-6 1 0 3 4.529953E-6
 -1.5712721 -3.6112268 4.542926E-9 -1.4060986E-5 1 0 3 2.503395E-6
 -1.5712764 -3.6112373 2.8677277E-8 -1.1831486E-5 1 0 3 1.3113022E-6
 -1.5712672 -3.6111813 1.9209438E-7 -9.536669E-6 1 0 3 -8.34465E-6
 -1.5712683 -3.6112108 8.179336E-8 9.817948E-7 1 0 3 4.6491623E-6
 -1.5712723 -3.611228 6.157143E-8 5.9888807E-6 1 0 3 2.503395E-6
 -1.5712764 -3.6112382 -1.9077106E-8 5.630512E-6 1 0 3 1.1920929E-6
 -1.5712672 -3.6111817 3.5533526E-7 -1.9771887E-6 1 0 3 -8.34465E-6
 -1.5712682 -3.611211 -8.526399E-9 -1.7865837E-7 1 0 3 4.6491623E-6
 -1.5712721 -3.611228 7.995868E-8 9.0335016E-7 1 0 3 2.503395E-6
 -1.5712764 -3.6112382 1.7594175E-9 9.842307E-7 1 0 3 1.1920929E-6
 -1.5712672 -3.6111817 0.0 0.0 1 0 3 -8.34465E-6
 -1.5712672 -3.6111817 0.0 0.0 1 0 3 0.0
 -1.5712672 -3.6111817 0.0 0.0 1 0 3 0.0
 -1.5712672 -3.6111817 0.0 0.0 1 0 3 0.0
 -1.5712672 -3.6111817 0.0 0.0 1 0 3 0.0
 -1.5712672 -3.6111817 0.0 0.0 1 0 3 0.0
 -1.5712672 -3.6111817 0.0 0.0 1 0 3 0.0
 -1.5712672 -3.6111817 0.0 0.0 1 0 3 0.0
 -1.5712672 -3.6111817 0.0 0.0 1 0 3 0.0
 -1.5712672 -3.6111817 0.0 0.0 1 0 3 0.0
 -1.5712672 -3.6111817 0.0 0.0 1 0 3 0.0
 -1.571023 -3.613512 1.7136335E-7 -0.1396176 1 0 0 4.7683716E-7
 -1.5709406 -3.6178882 1.8114224E-7 -0.2634098 1 0 0 -8.34465E-7
 -1.5709608 -3.6244593 -5.2386895E-9 -0.392475 1 0 0 4.2915344E-6
 -1.5708817 -3.633166 6.984919E-8 -0.52632904 1 0 0 -4.053116E-6
 -1.5708696 -3.6442733 -4.1822204E-8 -0.66263676 1 0 0 1.0967255E-5
 -1.5708027 -3.6576421 6.146729E-8 -0.8014225 1 0 0 6.67572E-6
 -1.5707469 -3.6733935 -8.0501195E-8 -0.94340366 1 0 0 8.702278E-6
 -1.5706002 -3.691525 3.754394E-8 -1.0893302 1 0 0 7.987022E-6
 -1.5705156 -3.7122695 1.4551915E-9 -1.2396545 1 0 0 2.1100044E-5
 -1.5703036 -3.7355611 4.0861778E-8 -1.3950249 1 0 0 2.6464462E-5
 -1.5700881 -3.7614996 4.48199E-8 -1.5558816 1 0 0 2.2172928E-5
 -1.5732992 -3.782621 -0.09350328 -1.2240034 1 0 1 4.146099E-4
 -1.5760293 -3.8022337 -0.15147649 -1.1693842 1 0 1 1.7035007E-4
 -1.577983 -3.820762 -0.14359042 -1.1162392 1 0 1 1.4269352E-4
 -1.5790766 -3.8384995 -0.09101979 -1.0687354 1 0 1 9.703636E-5
 -1.5793575 -3.8555095 -0.028728455 -1.0233322 1 0 1 3.7431717E-5
 -1.578953 -3.871882 0.024774278 -0.9790792 1 0 1 -9.655952E-6
 -1.5777967 -3.8875396 0.06849024 -0.9358353 1 0 1 -4.7802925E-5
 -1.575993 -3.9024806 0.10787181 -0.8938128 1 0 1 -9.381771E-5
