 0.0 0.0 0.0 0.0 1 1 1 0.0
 0.006971773 -0.006971958 0.41940904 -0.41940904 1 1 1 3.4235884E-5
 0.015893567 -0.01591215 0.53432274 -0.5354182 1 1 1 3.287103E-6
 0.024484614 -0.024565842 0.51342297 -0.5171795 1 1 1 -4.792586E-5
 0.032748688 -0.032977436 0.4951004 -0.50400233 1 1 1 2.5056303E-5
 0.040837415 -0.041458253 0.48649567 -0.5102727 1 1 1 9.51048E-5
 0.04863302 -0.050422743 0.46413654 -0.53531396 1 1 1 1.1616945E-4
 0.055069566 -0.06062541 0.3846884 -0.6154773 1 1 1 4.394427E-4
 0.056982275 -0.075385086 0.1035311 -0.8958296 1 1 1 0.0014611669
 0.054288078 -0.09487031 -0.16799948 -1.1731263 1 1 1 0.002297841
 0.05197309 -0.11473095 -0.13865057 -1.2015805 1 1 1 0.0020122044
 0.05053106 -0.13335568 -0.09140729 -1.1224271 1 1 1 0.0012462586
 0.049929857 -0.15064272 -0.042271465 -1.0412208 1 0 1 5.242117E-4
 0.050083313 -0.16696784 0.004928902 -0.98537856 1 0 1 -8.195266E-5
 0.0510196 -0.1825666 0.052229304 -0.94191587 1 0 1 -7.887706E-4
 0.052800838 -0.19742952 0.1018829 -0.89652324 1 0 1 -0.0014669783
 0.0554761 -0.21146047 0.15449502 -0.8451474 1 0 1 -0.0022130348
 0.059087038 -0.22457246 0.20993733 -0.78918636 1 0 1 -0.0030249543
 0.06362425 -0.23667678 0.26814094 -0.73029786 1 0 1 -0.0037998557
 0.06914442 -0.24773909 0.32904544 -0.66914713 1 0 1 -0.0046897344
 0.07578839 -0.25780287 0.3928184 -0.6054007 1 0 1 -0.005563725
 0.08349548 -0.2667343 0.45966616 -0.5386022 1 0 1 -0.006490033
 0.092337795 -0.2744801 0.5296574 -0.46865055 1 0 1 -0.0074383058
 0.10245387 -0.28108037 0.60292006 -0.39541265 1 0 1 -0.0085145645
 0.113760635 -0.28634107 0.67962706 -0.3187437 1 0 1 -0.00954302
 0.12649983 -0.29038855 0.7599042 -0.2385234 1 0 1 -0.01071338
 0.14079903 -0.2907592 0.8624667 -0.023909712 1 0 0 -0.012043182
 0.15691802 -0.28763893 0.9676074 0.1917628 1 0 0 -0.013553292
 0.17481692 -0.2808901 1.0758262 0.40781426 1 0 0 -0.014961444
 0.19461921 -0.27057686 1.1876177 0.623722 1 0 0 -0.016528428
 0.21629803 -0.2566424 1.3033702 0.8385241 1 0 0 -0.018040888
 0.24004003 -0.23920235 1.4236542 1.051743 1 0 0 -0.019665182
 0.24902277 -0.22323193 0.5410251 0.96484613 1 1 0 -0.013294056
 0.25415763 -0.20919096 0.30458006 0.83786196 0 1 0 -0.011585847
 0.2555929 -0.19726887 0.08283192 0.7166803 0 1 0 -0.009943113
 0.2532177 -0.18729204 -0.14266972 0.5971161 0 1 0 -0.008262068
 0.24711145 -0.1793226 -0.36795154 0.47923416 0 1 0 -0.006648749
 0.23722592 -0.1732862 -0.5920816 0.3626369 0 1 0 -0.0050736517
 0.2236475 -0.1692014 -0.8143899 0.2468816 0 1 0 -0.0034033954
 0.20641366 -0.16708165 -1.0340074 0.13160805 0 1 0 -0.0018107742
 0.1854979 -0.16681936 -1.2498641 0.01664709 0 1 0 -1.7921627E-4
 0.180831 -0.16258195 -0.27781132 0.2425614 1 1 0 -0.003493473
 0.17815273 -0.15876569 -0.16329642 0.23965809 1 1 0 -0.0032895356
 0.17551643 -0.15562761 -0.15741798 0.1894325 1 1 0 -0.002615273
 0.17333937 -0.15320396 -0.13377751 0.14828202 1 1 0 -0.0020950735
 0.17161614 -0.15128194 -0.10022672 0.112063505 1 1 0 -0.0015214831
 0.17051499 -0.15002593 -0.06701128 0.07613026 1 1 0 -0.0010729432
 0.16992706 -0.14935724 -0.034990776 0.03997092 1 1 0 -5.720556E-4
 0.1699076 -0.14932856 -0.0032967676 0.0038315179 1 1 0 -8.21501E-5
 0.16949391 -0.14971918 -0.027811928 -0.028012242 1 1 0 4.0334463E-4
 0.16894531 -0.15025668 -0.037307113 -0.03756615 1 1 0 5.221963E-4
 0.16852129 -0.1506754 -0.02865981 -0.02884779 1 1 0 4.0830672E-4
 0.16834602 -0.15084665 -0.012279358 -0.012356188 1 1 0 1.886189E-4
 0.16837735 -0.15081096 0.002482727 0.0024979655 1 1 0 -6.5907836E-5
 0.16853207 -0.15065113 0.010541226 0.010606324 1 1 0 -1.2734532E-4
 0.1686911 -0.15048659 0.011373398 0.011444498 1 1 0 -1.810193E-4
 0.16879655 -0.15037642 0.007483672 0.0075316112 1 1 0 -1.0408461E-4
 0.16882837 -0.15034121 0.0022103412 0.0022246535 1 1 0 -1.6629696E-5
 0.16879772 -0.15036994 -0.0018703917 -0.0018825169 1 1 0 1.4424324E-5
 0.16874805 -0.15041868 -0.0036342945 -0.0036578674 1 1 0 7.510185E-5
 0.16869666 -0.15046981 -0.0033118674 -0.0033330966 1 1 0 2.528727E-5
 0.16871324 -0.15053537 -0.0018255292 -0.0018372312 1 1 0 8.001924E-6
 0.16865866 -0.15048668 -2.1479011E-4 -2.1615617E-4 1 1 0 5.6415796E-5
 0.16871573 -0.15051681 8.530549E-4 8.5849146E-4 1 1 0 -6.0111284E-5
 0.16872168 -0.15049362 0.001180376 0.0011879413 1 1 0 -7.793307E-6
 0.16872932 -0.15047298 9.2072895E-4 9.2663046E-4 1 1 0 -6.0796738E-6
 0.16873074 -0.15046188 4.0371018E-4 4.0630266E-4 1 1 0 -2.3692846E-6
 0.16872597 -0.15045941 -6.918994E-5 -6.964051E-5 1 1 0 1.0430813E-6
 0.16871811 -0.15046193 -3.3105342E-4 -3.3318272E-4 1 1 0 2.9057264E-6
 0.16871044 -0.15046564 -3.62101E-4 -3.644169E-4 1 1 0 3.054738E-6
 0.16870521 -0.15046793 -2.4008237E-4 -2.4162886E-4 1 1 0 2.0563602E-6
 0.16870295 -0.150468 -7.2109906E-5 -7.256294E-5 1 1 0 7.1525574E-7
 0.16870305 -0.15046625 5.8554077E-5 5.893477E-5 1 1 0 -3.2782555E-7
 0.16870423 -0.1504638 1.1554911E-4 1.162837E-4 1 1 0 -7.8976154E-7
 0.16870539 -0.15046167 1.05362495E-4 1.0604266E-4 1 1 0 -7.301569E-7
 0.16870594 -0.1504604 5.8141573E-5 5.8503545E-5 1 1 0 -4.0233135E-7
 0.16870579 -0.15046005 6.6517373E-6 6.686855E-6 1 1 0 -1.4901161E-8
 0.16870515 -0.15046029 -2.7371261E-5 -2.7547623E-5 1 1 0 2.3841858E-7
 0.16239993 -0.1434421 -0.3774529 0.41949847 1 1 2 -1.3530254E-4
 0.15397684 -0.13388701 -0.5039963 0.57172465 1 1 2 -2.1734834E-4
 0.14595996 -0.12464048 -0.48396826 0.5575951 1 1 2 -2.644062E-4
 0.1382852 -0.11565845 -0.4611943 0.53974587 1 1 2 -2.7506053E-4
 0.13070376 -0.10660459 -0.45385686 0.54156727 1 1 2 -3.079176E-4
 0.12323505 -0.09745206 -0.4489692 0.5498817 1 1 2 -3.8005412E-4
 0.11590158 -0.08817652 -0.44197807 0.55828804 1 1 2 -4.900247E-4
 0.10866068 -0.078672074 -0.43239778 0.5678036 1 1 2 -4.8577785E-4
 0.10169586 -0.06903999 -0.42011467 0.57992685 1 1 2 -6.4213574E-4
 0.0949211 -0.059080526 -0.40469736 0.59529614 1 1 2 -6.7958236E-4
 0.08851741 -0.048810318 -0.38418308 0.6158415 1 1 2 -8.6826086E-4
 0.08259687 -0.038102254 -0.35660693 0.64341474 1 1 2 -0.0010454655
 0.07728861 -0.026733138 -0.31847215 0.68155205 1 1 2 -0.0012946725
 0.07293019 -0.014460171 -0.2629071 0.7371117 1 1 2 -0.0016157329
 0.06992849 -7.8371854E-4 -0.18015297 0.819815 1 1 2 -0.0021175146
 0.069127485 0.015053096 -0.04935498 0.9504648 1 1 2 -0.0028146058
 0.07193449 0.03452522 0.16809693 1.1673985 1 1 2 -0.004034966
 0.078417614 0.05863914 0.37646937 1.4576665 1 1 2 -0.0053946525
 0.08526607 0.0834577 0.40593958 1.4940336 1 1 2 -0.0057533085
 0.092236884 0.10749524 0.41694883 1.4439145 1 1 2 -0.005914867
 0.099426664 0.13119921 0.43163508 1.4227375 1 1 2 -0.006054789
 0.106938 0.15518777 0.45136118 1.4397789 1 0 2 -0.0063270926
 0.114744015 0.17969042 0.47194874 1.4681648 1 0 2 -0.0065986216
 0.1229271 0.20451841 0.49090683 1.4918056 1 0 2 -0.006921172
 0.13135761 0.22967766 0.5082356 1.5096331 1 0 2 -0.007074088
 0.14007021 0.2550698 0.5243857 1.5248331 1 0 2 -0.007320404
 0.14905056 0.2806928 0.5398177 1.5397311 1 0 2 -0.0075603426
 0.1582418 0.3065918 0.55466616 1.5546154 1 0 2 -0.0077404976
 0.16768038 0.33271217 0.5689229 1.5690668 1 0 2 -0.00787437
 0.1773109 0.35909063 0.58252466 1.5827652 1 0 2 -0.00809145
 0.18721278 0.38562965 0.5956778 1.5960227 1 0 2 -0.008268118
 0.19728026 0.41241923 0.6083835 1.6087792 1 0 2 -0.0083794
 0.20755476 0.43940064 0.62074035 1.621173 1 0 2 -0.008586526
 0.2180341 0.4665805 0.6328256 1.6333394 1 0 2 -0.008697927
 0.22870784 0.49395397 0.6447284 1.6453037 1 0 2 -0.0088510215
 0.23957133 0.5215219 0.65657127 1.6572297 1 0 2 -0.009000748
 0.25062877 0.54929143 0.6683476 1.6690669 1 0 2 -0.009103835
 0.26187348 0.57725763 0.68012094 1.6808788 1 0 2 -0.009295285
 0.2732614 0.6054629 0.6921178 1.6930038 1 0 2 -0.009339243
 0.28493583 0.633783 0.70425063 1.7051513 1 0 2 -0.009540886
 0.29675585 0.66237336 0.71670264 1.7177095 1 0 2 -0.009676576
 0.30881947 0.6911418 0.72954035 1.7306436 1 0 2 -0.0097773075
 0.32104126 0.7201886 0.742867 1.7440264 1 0 2 -0.009957463
 0.33356094 0.7493834 0.756726 1.7579912 1 0 2 -0.010062188
 0.3462568 0.7788937 0.7711913 1.772506 1 0 2 -0.010244459
 0.35922095 0.8086198 0.78641486 1.7878598 1 0 2 -0.010388404
 0.3724369 0.83864725 0.8024792 1.8040222 1 0 2 -0.010534644
 0.3859379 0.86892086 0.8193867 1.8210012 1 0 2 -0.010722935
 0.39975446 0.8994902 0.8373504 1.8390993 1 0 2 -0.010875046
 0.41383767 0.93039984 0.8563544 1.8581879 1 0 2 -0.011060238
 0.42827097 0.9616424 0.87652403 1.878482 1 0 2 -0.011258423
 0.44306663 0.99324375 0.897963 1.9000564 1 0 2 -0.011499584
 0.45822608 1.0252169 0.92083085 1.9231068 1 0 2 -0.011691749
 0.47374067 1.0576413 0.9451357 1.9475236 1 0 2 -0.0118842125
 0.4897212 1.09045 0.97095037 1.9734406 1 0 2 -0.012128413
 0.5061554 1.1237475 0.99850476 2.0011811 1 0 2 -0.012372255
 0.52307266 1.1574854 1.0277507 2.0306046 1 0 2 -0.012647748
 0.5404462 1.1918252 1.0589451 2.0620322 1 0 2 -0.01288259
 0.5583925 1.2266966 1.0920807 2.0953257 1 0 2 -0.013162613
 0.5769656 1.2621013 1.1273091 2.1307616 1 0 2 -0.013479054
 0.5960677 1.2982271 1.1648189 2.1685593 1 0 2 -0.013739109
 0.61591214 1.3349323 1.2046146 2.2085633 1 0 2 -0.014047682
 0.63638186 1.372406 1.2468663 2.251075 1 0 2 -0.014332652
 0.6575786 1.410654 1.2917023 2.2961864 1 0 2 -0.014653504
 0.6795644 1.4496708 1.3391029 2.3439248 1 0 2 -0.014957488
 0.7024185 1.4894888 1.3893316 2.3944955 1 0 2 -0.015286207
 0.72608656 1.5302624 1.4425905 2.4481595 1 0 2 -0.015550792
 0.7506614 1.5719965 1.4988941 2.5047727 1 0 2 -0.015831828
 0.7762417 1.6147306 1.558173 2.5644355 1 0 2 -0.016161263
 0.8028528 1.6584557 1.6208935 2.6277466 1 0 2 -0.016405344
 0.83193886 1.7041407 1.771628 2.7391555 1 0 2 -0.016681194
 0.8621454 1.7519587 1.842084 2.8656952 1 0 2 -0.01667726
 0.8938317 1.80146 1.9314401 2.9668849 1 0 2 -0.016556025
 0.9271953 1.852464 2.0354552 3.059748 1 0 2 -0.0163486
 0.9623307 1.9052277 2.146214 3.159063 1 0 2 -0.01606518
 0.99930507 1.959776 2.2599716 3.2692952 1 0 2 -0.015689194
 1.038183 2.0163708 2.375279 3.386739 1 0 2 -0.015157938
 1.078926 2.0749083 2.4911876 3.5053072 1 0 2 -0.014502168
 1.1215223 2.1354444 2.6067507 3.621915 1 0 2 -0.013764024
 1.1659133 2.19795 2.7204978 3.7353191 1 0 2 -0.012854874
 1.2121572 2.26227 2.8315167 3.8450894 1 0 2 -0.011903465
 1.257539 2.325944 2.7826333 3.8042006 0 0 2 -0.010799408
 1.3074007 2.3921611 3.06735 3.9555693 1 0 2 -0.009874344
 1.3589251 2.4619725 3.1607435 4.166815 1 0 2 -0.008422017
 1.4118977 2.5339582 3.2531667 4.294085 1 0 2 -0.0070142746
 1.4663674 2.607303 3.3469565 4.372025 1 0 2 -0.005709648
 1.5223438 2.6818902 3.4399884 4.4479184 1 0 2 -0.0043520927
 1.5797287 2.7580492 3.531815 4.5350285 1 0 2 -0.0029726028
 1.589184 2.8078678 1.7881393E-6 3.1154246 1 0 0 -0.0020337105
 1.571653 2.850682 -1.0728836E-6 2.5844874 1 0 0 -7.343292E-5
 1.5729514 2.895891 0.0 2.6360908 1 0 0 -0.0011342764
 1.57213 2.9404016 -5.122274E-8 2.6740596 1 0 0 -3.5655499E-4
 1.5721881 2.9845767 -1.8626451E-8 2.6555634 1 0 0 -4.220009E-5
 1.5718502 3.027981 1.2479722E-7 2.6093693 1 0 0 -2.861023E-6
 1.57122 3.0709045 -2.2584572E-8 2.5758867 1 0 0 7.867813E-6
 1.5706505 3.113434 -1.3271347E-8 2.5538685 1 0 0 1.013279E-5
 1.5700918 3.1558244 2.1827873E-8 2.5437055 1 0 0 1.1920929E-7
 1.5695504 3.1982408 1.4237594E-7 2.5459318 1 0 0 -2.3841858E-6
 1.5690081 3.2409232 8.993084E-9 2.5605795 1 0 0 -8.46386E-6
 1.5684781 3.284087 -5.7567377E-8 2.5874758 1 0 0 -1.6212463E-5
 1.5679086 3.3279288 -2.1536835E-8 2.6266067 1 0 0 -2.5391579E-5
 1.5673718 3.372584 5.1106326E-8 2.6781034 1 0 0 -2.2888184E-5
 1.5668521 3.4184077 -1.0477379E-9 2.7420442 1 0 0 -4.3034554E-5
 1.5662563 3.4654884 -3.282912E-8 2.818615 1 0 0 -5.018711E-5
 1.5657078 3.5140505 4.9592927E-8 2.9079435 1 0 0 -5.352497E-5
 1.565031 3.5643513 2.8871E-8 3.0101855 1 0 0 -7.4744225E-5
 1.586093 3.5870574 0.96954536 1.2744434 1 0 3 -0.0044822693
 1.6057452 3.6065636 1.259835 1.1798036 1 0 3 -0.0037966967
 1.6244882 3.6249316 1.2623389 1.1323769 1 0 3 -0.0032852888
 1.6425678 3.6429906 1.1438588 1.0890625 1 0 3 -0.002952814
 1.65988 3.6605651 1.0404159 1.047013 1 0 3 -0.0026071072
 1.6765422 3.6775675 0.9857135 1.0062013 1 0 3 -0.0022252798
 1.6925888 3.6938412 0.95794153 0.9683648 1 0 3 -0.0017851591
 1.7080196 3.7094798 0.9339229 0.9343064 1 0 3 -0.0013492107
 1.7230179 3.7246523 0.90640795 0.903864 1 0 3 -8.9228153E-4
 1.7371696 3.7388492 0.8563257 0.8518598 1 0 3 -8.1574917E-4
 1.7505422 3.7523413 0.8036506 0.8028247 1 0 3 -7.648468E-4
 1.763068 3.7649488 0.75438774 0.75500923 1 0 3 -7.1668625E-4
 1.7748348 3.7768583 0.70829415 0.7089853 1 0 3 -6.849766E-4
 1.7858255 3.7879517 0.66448754 0.6648717 1 0 3 -6.3967705E-4
 1.7962022 3.7984018 0.622371 0.6225448 1 0 3 -5.977154E-4
 1.8058778 3.8081276 0.58179075 0.5819154 1 0 3 -5.5360794E-4
 1.8148931 3.8171747 0.5427065 0.5428521 1 0 3 -5.1510334E-4
 1.8232491 3.8256485 0.50510955 0.5052656 1 0 3 -4.953146E-4
 1.8310703 3.833466 0.46889603 0.46904305 1 0 3 -4.4095516E-4
 1.8382843 3.8407679 0.4339676 0.43409744 1 0 3 -4.1735172E-4
 1.8449625 3.847416 0.4002253 0.40033683 1 0 3 -3.8063526E-4
 1.8510679 3.853586 0.36755672 0.3676559 1 0 3 -3.5059452E-4
 1.8566306 3.859149 0.33589807 0.3359864 1 0 3 -3.2687187E-4
 1.8617133 3.8643024 0.3051241 0.30520645 1 0 3 -2.8765202E-4
 1.8663292 3.8688633 0.27521515 0.27528438 1 0 3 -2.4831295E-4
 1.8703969 3.8729687 0.24603775 0.2461003 1 0 3 -2.4032593E-4
 1.8739977 3.8765965 0.21753748 0.21759228 1 0 3 -2.220869E-4
 1.8771847 3.8797517 0.18961923 0.1896675 1 0 3 -1.7178059E-4
 1.8798817 3.8824906 0.1622187 0.1622601 1 0 3 -1.5354156E-4
 1.8821607 3.884741 0.13526917 0.13530312 1 0 3 -1.1742115E-4
 1.8839573 3.886578 0.10869511 0.10872342 1 0 3 -1.1539459E-4
 1.88535 3.8879392 0.0824172 0.0824409 1 0 3 -6.67572E-5
 1.8862766 3.8889027 0.056365 0.056383234 1 0 3 -6.651878E-5
 1.8867512 3.8893945 0.030467115 0.030479638 1 0 3 -3.9458275E-5
 1.8868488 3.889449 0.0046418267 0.004648885 1 0 3 5.722046E-6
 1.8865016 3.8891327 -0.02116589 -0.02116407 1 0 3 1.8239021E-5
 1.8857032 3.8882978 -0.047028467 -0.04703127 1 0 3 5.2928925E-5
 1.8844783 3.8871088 -0.073026165 -0.07303419 1 0 3 6.580353E-5
 1.8828193 3.8854685 -0.099223256 -0.09923656 1 0 3 9.2983246E-5
 1.8807807 3.8833902 -0.1256902 -0.12570846 1 0 3 1.2493134E-4
 1.8781989 3.8808467 -0.1524908 -0.15251377 1 0 3 1.4448166E-4
 1.8752222 3.8778431 -0.17970991 -0.17973986 1 0 3 1.655817E-4
 1.8717374 3.8743546 -0.20742215 -0.20745853 1 0 3 2.0861626E-4
 1.8678044 3.870431 -0.23570523 -0.23574708 1 0 3 2.2339821E-4
 1.8633764 3.8660219 -0.26462334 -0.26467103 1 0 3 2.567768E-4
 1.8584826 3.8611553 -0.29425725 -0.29431212 1 0 3 2.7680397E-4
 1.8530542 3.855761 -0.32469267 -0.32475746 1 0 3 3.1614304E-4
 1.8471022 3.8498514 -0.35601383 -0.35608527 1 0 3 3.4332275E-4
 1.8406057 3.8433545 -0.38828865 -0.38836703 1 0 3 3.8170815E-4
 1.8335501 3.8363354 -0.42160743 -0.42169803 1 0 3 4.1127205E-4
 1.8259016 3.828747 -0.45607063 -0.45617312 1 0 3 4.351139E-4
 1.8176892 3.820612 -0.49176103 -0.49187434 1 0 3 4.734993E-4
 1.808884 3.8117971 -0.52877915 -0.5289028 1 0 3 5.315542E-4
 1.7994028 3.8023772 -0.56721807 -0.56735545 1 0 3 5.6159496E-4
 1.7892302 3.792309 -0.6071735 -0.6073278 1 0 3 5.9986115E-4
 1.7783864 3.7815497 -0.64874923 -0.6489163 1 0 3 6.3955784E-4
 1.7667855 3.7700357 -0.69203496 -0.6922223 1 0 3 6.942749E-4
 1.7544259 3.7578287 -0.737168 -0.73737705 1 0 3 7.2419643E-4
 1.7412547 3.7448032 -0.7842403 -0.7844677 1 0 3 7.895231E-4
 1.7273414 3.7309978 -0.8333871 -0.83363295 1 0 3 8.4125996E-4
 1.7124904 3.7163064 -0.88470566 -0.884981 1 0 3 8.958578E-4
 1.6967502 3.70077 -0.93832815 -0.938627 1 0 3 9.5129013E-4
 1.6800867 3.6842496 -0.99438053 -0.99471074 1 0 3 0.0010278225
 1.6623921 3.6667976 -1.0530134 -1.0533725 1 0 3 0.0010793209
 1.6436768 3.6483474 -1.1143112 -1.1146955 1 0 3 0.0011498928
 1.6239017 3.6288779 -1.1784294 -1.1788526 1 0 3 0.0012185574
 1.6041107 3.609394 -1.1794161 -1.1781434 0 0 3 0.0012716055
 1.5824084 3.5883708 -1.4499489 -1.3049979 1 0 3 0.0013525486
 1.558946 3.565322 -1.4049114 -1.3968048 1 0 3 0.001423955
 1.5603043 3.5540948 0.103533655 -0.53720963 1 0 3 4.210472E-4
 1.5604228 3.5512896 -0.16738136 -0.14826737 1 0 3 0.0018260479
 1.5616679 3.551432 1.8172245E-4 0.017225865 1 0 3 0.0022437572
 1.5650403 3.5543647 0.17452455 0.17544004 1 0 3 0.0025911331
 1.567847 3.5569866 -4.4703484E-8 0.13877277 1 0 3 0.0018554926
 1.568512 3.5575151 5.2154064E-8 0.030637152 1 0 3 7.276535E-4
 1.568236 3.5569525 -2.9802322E-8 -0.027446598 1 0 3 2.336502E-5
 1.5680048 3.5565252 -7.4505806E-8 -0.020357253 1 0 3 1.9431114E-5
 1.5680002 3.5563123 2.8684735E-7 -0.009381177 1 0 3 7.2717667E-6
 1.5681233 3.556346 -1.07102096E-7 0.0026646033 1 0 3 -3.8146973E-6
 1.5682834 3.5564966 1.7788261E-7 0.007845942 1 0 3 -9.179115E-6
 1.568438 3.5566308 1.2619421E-7 0.006494205 1 0 3 -7.748604E-6
 1.5685251 3.556717 -1.3969839E-8 0.0025532935 1 0 3 -8.46386E-6
 1.5685401 3.5566509 -1.5099067E-7 -6.941832E-4 1 0 3 5.6028366E-6
 1.5685674 3.5566216 -8.8242814E-8 -0.001984219 1 0 3 -9.536743E-7
 1.5685792 3.5565736 -2.4912879E-8 -0.0016448954 1 0 3 2.861023E-6
 1.5686095 3.5566044 1.7386628E-7 -6.612451E-4 1 0 3 -6.4373016E-6
 1.5686429 3.5565705 -3.076275E-8 1.6680468E-4 1 0 3 5.4836273E-6
 1.5686206 3.5565538 -1.3498357E-7 4.9547036E-4 1 0 3 0.0
 1.5687 3.5566218 -7.948256E-8 4.1432737E-4 1 0 3 -6.67572E-6
 1.56868 3.556593 4.694448E-8 1.7386003E-4 1 0 3 2.6226044E-6
 1.5686704 3.556571 -1.7077764E-7 -3.3493212E-5 1 0 3 2.1457672E-6
 1.5686773 3.5566165 -1.8571154E-7 -1.2601876E-4 1 0 3 -7.390976E-6
 1.5686787 3.5565777 -1.9912841E-7 -1.0516582E-4 1 0 3 5.4836273E-6
 1.5686796 3.5565546 -2.2704626E-8 -4.2329128E-5 1 0 3 3.0994415E-6
 1.568693 3.5566049 -1.3839554E-7 5.4673646E-6 1 0 3 -7.390976E-6
 1.5686992 3.5565722 -1.3001772E-7 3.1488937E-5 1 0 3 5.00679E-6
 1.5687149 3.5566177 -1.6019112E-7 2.408319E-5 1 0 3 -6.4373016E-6
 1.5687214 3.556582 -2.1180404E-7 1.3075787E-5 1 0 3 5.722046E-6
 1.568725 3.5565615 -9.223868E-9 1.1052363E-6 1 0 3 3.0994415E-6
 1.5687394 3.5566127 -2.1483083E-7 -1.0324396E-5 1 0 3 -7.5101852E-6
 1.5687453 3.55658 -1.3144745E-7 -6.2196177E-6 1 0 3 5.1259995E-6
 1.5687485 3.5565615 -1.3960727E-7 -1.0192173E-6 1 0 3 2.861023E-6
 1.5687627 3.5566142 -2.0325137E-7 -2.8230702E-6 1 0 3 -7.748604E-6
 1.5687046 3.556571 -1.0465078E-7 2.468123E-6 1 0 3 2.7418137E-6
 1.5687404 3.5566144 -2.91255E-7 -9.303511E-7 1 0 3 -4.529953E-6
 1.568757 3.5565796 -9.160499E-8 2.512461E-6 1 0 3 6.198883E-6
 1.5687659 3.556561 0.0 0.0 1 0 3 3.0994415E-6
 1.5687659 3.556561 0.0 0.0 1 0 3 0.0
 1.5687659 3.556561 0.0 0.0 1 0 3 0.0
 1.5687659 3.556561 0.0 0.0 1 0 3 0.0
 1.5687659 3.556561 0.0 0.0 1 0 3 0.0
 1.5687659 3.556561 0.0 0.0 1 0 3 0.0
 1.5687659 3.556561 0.0 0.0 1 0 3 0.0
 1.5687659 3.556561 0.0 0.0 1 0 3 0.0
 1.5687659 3.556561 0.0 0.0 1 0 3 0.0
 1.5687659 3.556561 0.0 0.0 1 0 3 0.0
 1.5687659 3.556561 0.0 0.0 1 0 3 0.0
 1.5687659 3.556561 0.0 0.0 1 0 3 0.0
 1.5687659 3.556561 0.0 0.0 1 0 3 0.0
 1.5687659 3.556561 0.0 0.0 1 0 3 0.0
 1.5687659 3.556561 0.0 0.0 1 0 3 0.0
 1.5687659 3.556561 0.0 0.0 1 0 3 0.0
 1.5687659 3.556561 0.0 0.0 1 0 3 0.0
 1.5687659 3.556561 0.0 0.0 1 0 3 0.0
 1.5687659 3.556561 0.0 0.0 1 0 3 0.0
 1.5687659 3.556561 0.0 0.0 1 0 3 0.0
 1.5687659 3.556561 0.0 0.0 1 0 3 0.0
 1.5687659 3.556561 0.0 0.0 1 0 3 0.0
 1.5687659 3.556561 0.0 0.0 1 0 3 0.0
 1.5687659 3.556561 0.0 0.0 1 0 3 0.0
 1.5687659 3.556561 0.0 0.0 1 0 3 0.0
 1.5687659 3.556561 0.0 0.0 1 0 3 0.0
 1.5751445 3.5468276 0.2789122 -0.6110432 1 0 1 -0.0011837482
 1.5802438 3.5351734 0.33213225 -0.6944745 1 0 1 -7.750988E-4
 1.5841285 3.5223505 0.2830479 -0.7601965 1 0 1 -4.490614E-4
 1.5869603 3.5085466 0.1914053 -0.82652235 1 0 1 -1.9562244E-4
 1.5884914 3.493438 0.094795346 -0.9056452 1 0 1 -9.346008E-5
 1.5885875 3.4769862 0.006763265 -0.98893017 1 0 1 -1.9788742E-5
 1.5872504 3.459112 -0.077428296 -1.0753677 1 0 1 6.246567E-5
 1.5843813 3.4397342 -0.16376074 -1.1640575 1 0 1 1.5068054E-4
 1.580007 3.4188507 -0.25395694 -1.2548807 1 0 1 2.4271011E-4
 1.5740427 3.3964136 -0.34754875 -1.348224 1 0 1 3.3569336E-4
 1.5726956 3.3764222 1.937151E-7 -1.1776294 1 0 1 1.360178E-4
 1.5721091 3.3597379 -8.940697E-8 -1.0010417 1 0 1 3.579855E-4
 1.5725063 3.343689 -2.2351742E-8 -0.96448094 1 0 1 2.3126602E-5
 1.5729189 3.3278558 -5.5879354E-8 -0.9547446 1 0 1 -3.9815903E-5
 1.5731643 3.311755 -8.754432E-8 -0.971998 1 0 1 -2.9087067E-5
 1.5731204 3.295152 -6.519258E-9 -0.9966804 1 0 1 -4.053116E-6
 1.5728959 3.278294 8.381903E-8 -1.0104809 1 0 1 8.106232E-6
 1.5684611 3.288462 -0.016546756 0.6172888 1 0 2 0.0050991774
 1.567149 3.3062959 -0.095966786 1.0659415 1 0 2 0.006411314
 1.5689495 3.3256137 0.11117032 1.1547083 1 0 2 0.0065374374
 1.5707127 3.3433936 1.4901161E-7 1.063129 1 0 2 0.005599022
 1.5707712 3.3600373 4.0512532E-7 0.99603426 1 0 2 0.004654765
 1.5702293 3.3763707 -7.4505806E-9 0.9832992 1 0 2 0.0040091276
 1.5699123 3.392892 2.1792948E-7 0.9920549 1 0 2 0.0034925938
 1.5698435 3.4096215 -9.738142E-8 1.000866 1 0 2 0.002980113
 1.5698618 3.4263437 -2.2351742E-8 1.0038232 1 0 2 0.0024489164
 1.5698466 3.4430723 1.3690442E-7 1.0029505 1 0 2 0.0018800497
 1.5697857 3.4598343 1.4528632E-7 1.0014558 1 0 2 0.0013003349
 1.5696708 3.476479 5.9080776E-8 1.0007863 1 0 2 7.479787E-4
 1.569599 3.4931982 -1.2700912E-7 1.0008492 1 0 2 1.757145E-4
 1.5696306 3.510209 2.2351742E-8 1.0160224 1 0 2 -1.7523766E-5
 1.5697311 3.5272768 8.568168E-8 1.0214295 1 0 2 -1.4781952E-5
 1.5697812 3.5442317 -5.4948032E-8 1.0137739 1 0 2 -1.7225742E-5
 1.5697213 3.5610454 7.310882E-8 1.0044456 1 0 2 -1.9133091E-5
 1.5696547 3.5777042 8.35862E-8 0.99848354 1 0 2 -5.7816505E-6
 1.5694971 3.594275 -1.5459955E-7 0.9970036 1 0 2 -5.364418E-7
 1.5694346 3.6109312 5.5180863E-8 0.998467 1 0 2 -5.4836273E-6
 1.5693355 3.627674 -5.005859E-8 1.0007161 1 0 2 -1.8537045E-5
 1.5692763 3.644375 2.4214387E-8 1.0022746 1 0 2 -5.9604645E-6
 1.5692501 3.6611185 2.8521754E-7 1.0026785 1 0 2 -9.715557E-6
 1.5691808 3.677862 2.0489097E-7 1.0023199 1 0 2 -1.4126301E-5
 1.569143 3.6946015 5.9371814E-9 1.0017338 1 0 2 -1.2218952E-5
 1.5690575 3.7113214 1.7974526E-7 1.0013082 1 0 2 -1.4126301E-5
 1.5690031 3.7280395 3.061723E-8 1.001163 1 0 2 -1.168251E-5
 1.5689065 3.7447486 1.7671846E-7 1.0012277 1 0 2 -1.4305115E-5
 1.5688478 3.7614672 3.3830293E-7 1.0013641 1 0 2 -1.21593475E-5
 1.5688123 3.7782 6.22822E-8 1.0014677 1 0 2 -1.2397766E-5
 1.5687324 3.7949264 -2.1304004E-8 1.0015011 1 0 2 -1.6152859E-5
