 0.0 0.0 0.0 0.0 1 1 0 0.0
 0.0 0.0 0.0 0.0 1 1 0 0.0
 0.0 0.0 0.0 0.0 1 1 0 0.0
 0.0 0.0 0.0 0.0 1 1 0 0.0
 0.0 0.0 0.0 0.0 1 1 0 0.0
 0.0 0.0 0.0 0.0 1 1 0 0.0
 0.0 0.0 0.0 0.0 1 1 0 0.0
 0.0 0.0 0.0 0.0 1 1 0 0.0
 0.0 0.0 0.0 0.0 1 1 0 0.0
 0.0 0.0 0.0 0.0 1 1 0 0.0
 0.0 0.0 0.0 0.0 1 1 0 0.0
 0.0 0.0 0.0 0.0 1 1 0 0.0
 0.0 0.0 0.0 0.0 1 1 0 0.0
 0.0 0.0 0.0 0.0 1 1 0 0.0
 0.0 0.0 0.0 0.0 1 1 0 0.0
 0.0 0.0 0.0 0.0 1 1 0 0.0
 0.0 0.0 0.0 0.0 1 1 0 0.0
 0.0 0.0 0.0 0.0 1 1 0 0.0
 0.0 0.0 0.0 0.0 1 1 0 0.0
 0.0 0.0 0.0 0.0 1 1 0 0.0
 0.0 0.0 0.0 0.0 1 1 0 0.0
 0.0 0.0 0.0 0.0 1 1 0 0.0
 0.0 0.0 0.0 0.0 1 1 0 0.0
 0.0 0.0 0.0 0.0 1 1 0 0.0
 0.0 0.0 0.0 0.0 1 1 0 0.0
 0.0 0.0 0.0 0.0 1 1 0 0.0
 0.0 0.0 0.0 0.0 1 1 0 0.0
 0.0 0.0 0.0 0.0 1 1 0 0.0
 0.0 0.0 0.0 0.0 1 1 0 0.0
 -0.0069573703 0.0069573675 -0.4193771 0.4193771 1 1 2 -3.699027E-5
 -0.015933378 0.015936172 -0.5347792 0.53494775 1 1 2 5.4483302E-5
 -0.02448934 0.024501767 -0.51501805 0.5155978 1 1 2 -7.652678E-6
 -0.032798123 0.032835726 -0.49877992 0.5003156 1 1 2 -3.2050535E-5
 -0.04110241 0.041223638 -0.49585807 0.5009078 1 1 2 3.5770237E-5
 -0.04926985 0.049646568 -0.4919471 0.5075201 1 1 2 -6.407499E-5
 -0.057192598 0.058391057 -0.47500613 0.52520216 1 1 2 -1.0093674E-4
 -0.06410463 0.06810863 -0.41380325 0.5862669 1 1 2 -3.207773E-4
 -0.06742794 0.081454195 -0.18972513 0.80979586 1 1 2 -0.0010642856
 -0.06489646 0.10039967 0.15684117 1.138399 1 1 2 -0.0021726638
 -0.06277091 0.12019131 0.12700571 1.193798 1 1 2 -0.0017832704
 -0.061509185 0.13866347 0.075288914 1.114749 1 1 2 -0.0010956973
 -0.061267603 0.15568839 0.020174412 1.0226216 1 0 2 -2.2685155E-4
 -0.06191259 0.171628 -0.032783624 0.95710474 1 0 2 5.187243E-4
 -0.06337426 0.18667433 -0.0854527 0.90744776 1 0 2 0.0012056082
 -0.06576318 0.20091493 -0.14019416 0.85765564 1 0 2 0.0020136163
 -0.06913899 0.21424648 -0.19793175 0.801742 1 0 2 0.002842635
 -0.07349683 0.22653803 -0.25867763 0.74058896 1 0 2 0.0036363415
 -0.07892731 0.23778099 -0.32213143 0.6764123 1 0 2 0.0045976453
 -0.085423864 0.24789311 -0.38844597 0.60974973 1 0 2 0.005474169
 -0.093130864 0.25691545 -0.45768195 0.540516 1 0 2 0.006478548
 -0.10196142 0.2646604 -0.53004664 0.46824977 1 0 2 0.0074343905
 -0.112061225 0.27118754 -0.6056488 0.39272308 1 0 2 0.008519117
 -0.12348113 0.27643314 -0.6846519 0.313778 1 0 2 0.009622768
 -0.13628097 0.28032914 -0.76722646 0.23126093 1 0 2 0.010745142
 -0.15052015 0.28281453 -0.8535012 0.1450877 1 0 2 0.011933535
 -0.16622753 0.28378114 -0.9436354 0.055116847 1 0 2 0.013180427
 -0.18343344 0.28313896 -1.0377737 -0.038787544 1 0 2 0.014438577
 -0.20235713 0.28095344 -1.1360875 -0.13682856 1 0 2 0.015778616
 -0.22297701 0.2770519 -1.2387347 -0.23912556 1 0 2 0.017114945
 -0.2453552 0.2713936 -1.3459013 -0.3458855 1 0 2 0.018553168
 -0.2696046 0.26388785 -1.4576951 -0.45711762 1 0 2 0.01994738
 -0.287507 0.25793457 -1.0853466 -0.3831494 1 1 2 0.014452994
 -0.30809855 0.2566877 -1.2457147 -0.081145726 0 1 2 0.012928218
 -0.32637295 0.2557421 -1.1061192 -0.07151145 0 1 2 0.01120089
 -0.34304845 0.25580868 -1.0044662 -0.009909137 0 1 2 0.00952743
 -0.35832003 0.2571238 -0.9254628 0.07334242 0 1 2 0.007751316
 -0.37228417 0.2599711 -0.84159416 0.15954822 0 1 2 0.006074548
 -0.38473633 0.2642263 -0.7517791 0.24955578 0 1 2 0.00431253
 -0.3956113 0.27005747 -0.6568547 0.34456667 0 1 2 0.0025824904
 -0.404829 0.27754524 -0.5564833 0.44513038 0 1 2 7.890016E-4
 -0.41229817 0.2867853 -0.45031333 0.5515144 0 1 2 -9.318143E-4
 -0.41792396 0.2978735 -0.3380223 0.6640186 0 1 2 -0.0027084947
 -0.42161107 0.3109059 -0.21952647 0.7827223 0 1 2 -0.00444974
 -0.42328864 0.32603702 -0.09483056 0.90758246 0 1 2 -0.006233543
 -0.42274725 0.3433165 0.035721134 1.0383519 0 1 2 -0.008031353
 -0.4199974 0.36284837 0.17192614 1.1746541 0 1 2 -0.009775773
 -0.41487768 0.3847232 0.31305146 1.315903 0 1 2 -0.011519223
 -0.40740424 0.4090338 0.45858368 1.461446 0 1 2 -0.01324673
 -0.41220772 0.41842204 -0.27378842 0.567263 1 1 2 -0.0040427
 -0.42186943 0.42788678 -0.5814723 0.571624 1 1 2 -0.0023855716
 -0.43034717 0.43614388 -0.51070017 0.4921188 1 1 2 -0.0023565143
 -0.43870765 0.44436878 -0.501988 0.49523282 1 1 2 -0.0023887157
 -0.44710928 0.45266312 -0.50291264 0.4969609 1 1 2 -0.0023411214
 -0.45553243 0.46099275 -0.50288004 0.4971674 1 1 2 -0.0023733824
 -0.46389174 0.46926793 -0.5027973 0.49720696 1 1 2 -0.0023753196
 -0.4723447 0.47760162 -0.5026848 0.49731392 1 1 2 -0.0023136884
 -0.48071927 0.48588866 -0.50257784 0.49742633 1 1 2 -0.0023603588
 -0.4891026 0.49415648 -0.50246996 0.4975274 1 1 2 -0.0023129284
 -0.49744162 0.50246245 -0.5023209 0.49768123 1 1 2 -0.0023926795
 -0.50588423 0.51081467 -0.5023209 0.49767762 1 1 2 -0.0022905618
 -0.51425076 0.51911724 -0.5022304 0.497773 1 1 2 -0.0023377985
 -0.5226289 0.52739805 -0.5021353 0.49786174 1 1 2 -0.0023337603
 -0.5310249 0.53573084 -0.502096 0.49790528 1 1 2 -0.0022816956
 -0.53935885 0.544022 -0.5019631 0.49803665 1 1 2 -0.0023688376
 -0.5477919 0.55237085 -0.50196993 0.49802798 1 1 2 -0.0022687316
 -0.55614805 0.5606776 -0.50189114 0.49811116 1 1 2 -0.002315402
 -0.56451786 0.5689653 -0.5018089 0.4981873 1 1 2 -0.0023121536
 -0.57290465 0.5773085 -0.50173414 0.498265 1 1 2 -0.002302289
 -0.5812954 0.58562225 -0.50170285 0.49829727 1 1 2 -0.0022605062
 -0.5896309 0.59397405 -0.5016304 0.49836975 1 1 2 -0.002338618
 -0.59805626 0.60229945 -0.50163966 0.49835587 1 1 2 -0.0022497177
 -0.6064012 0.61060005 -0.5015326 0.49846736 1 1 2 -0.0022955239
 -0.6147706 0.6189534 -0.50150424 0.49849373 1 1 2 -0.0022853315
 -0.6231495 0.62727594 -0.5014777 0.49852046 1 1 2 -0.0022841394
 -0.6315315 0.6355818 -0.50145173 0.49854612 1 1 2 -0.0022821426
 -0.6399135 0.64387923 -0.5013884 0.4986078 1 1 2 -0.0022416115
 -0.64830136 0.6522383 -0.5012921 0.49870703 1 1 2 -0.002271682
 -0.6552252 0.65917397 -0.41676322 0.4146507 1 1 0 -0.002282858
 -0.6608385 0.66471076 -0.3345494 0.33287784 1 1 0 -0.0022606254
 -0.66507375 0.6689466 -0.2542692 0.2530134 1 1 0 -0.0022907853
 -0.668248 0.6721686 -0.19313094 0.192287 1 1 0 -0.0021813214
 -0.67109066 0.67490596 -0.16702928 0.16637725 1 1 0 -0.0018443167
 -0.6734483 0.6772546 -0.14149405 0.14080289 1 1 0 -0.0015967786
 -0.6753595 0.67921233 -0.116070986 0.115506314 1 1 0 -0.001278013
 -0.67684585 0.68071824 -0.09089568 0.090455234 1 1 0 -0.0010436177
 -0.6779913 0.6818101 -0.06588207 0.0655638 1 1 0 -6.904602E-4
 -0.6786526 0.68250024 -0.04101764 0.040824674 1 1 0 -4.6485662E-4
 -0.6789376 0.6827406 -0.016235676 0.016156942 1 1 0 -1.9881129E-4
 -0.67894703 0.6827218 -2.5288342E-4 -2.5444216E-4 1 1 0 1.6987324E-6
 -0.6789594 0.68277454 -4.9230724E-4 -4.9515755E-4 1 1 0 1.1026859E-5
 -0.6789596 0.6827454 -1.9770026E-5 -1.9739477E-5 1 1 0 -2.4735928E-6
 -0.67895794 0.6827283 1.2256059E-5 1.2221874E-5 1 1 0 -1.847744E-6
 -0.6789562 0.6827179 1.1607243E-6 1.1791273E-6 1 1 0 -1.1324883E-6
 -0.67895466 0.68271166 -2.5516525E-7 -2.6659563E-7 1 1 0 -7.1525574E-7
 -0.6789589 0.68277353 -2.771985E-7 -2.805699E-7 1 1 0 6.109476E-6
 -0.678959 0.682745 2.4253944E-7 2.2871886E-7 1 1 0 -2.6226044E-6
 -0.6789577 0.68272793 -3.752046E-9 3.5036514E-8 1 1 0 -1.7285347E-6
 -0.6789561 0.6827177 -2.5665267E-8 -6.63559E-9 1 1 0 -1.0728836E-6
 -0.6789546 0.6827115 -1.4396106E-8 -9.524963E-9 1 1 0 -7.1525574E-7
 -0.6789589 0.6827734 -2.1812032E-7 -2.283691E-7 1 1 0 6.0796738E-6
 -0.6789591 0.6827449 2.4024894E-7 2.3143042E-7 1 1 0 -2.592802E-6
 -0.67895776 0.6827279 2.1154271E-8 -7.561564E-9 1 1 0 -1.6987324E-6
 -0.67895615 0.6827176 -9.229095E-9 -3.0910535E-8 1 1 0 -1.0728836E-6
 -0.67895466 0.6827114 -1.986776E-9 4.2692694E-9 1 1 0 -7.1525574E-7
 -0.67895895 0.68277335 -2.1829358E-7 -2.4174125E-7 1 1 0 6.0796738E-6
 -0.67895913 0.68274486 2.1975822E-7 2.3435155E-7 1 1 0 -2.592802E-6
 -0.6789578 0.6827278 2.4356117E-8 1.13511E-8 1 1 0 -1.6987324E-6
 -0.6789562 0.68271756 1.0407126E-8 -2.8968902E-8 1 1 0 -1.0728836E-6
 -0.6789547 0.68271136 -1.3764156E-8 -4.3870682E-10 1 1 0 -7.1525574E-7
 -0.678959 0.6827733 -2.404928E-7 -2.3819466E-7 1 1 0 6.0796738E-6
 -0.6789592 0.6827448 2.6338006E-7 2.2798955E-7 1 1 0 -2.592802E-6
 -0.6789579 0.68272775 6.7431536E-9 7.0549007E-9 1 1 0 -1.6987324E-6
 -0.6789563 0.6827175 -1.1537551E-8 -1.5474626E-8 1 1 0 -1.0728836E-6
 -0.6789548 0.6827113 -7.0205557E-9 -5.945854E-9 1 1 0 -7.1525574E-7
 -0.6789591 0.68277323 -2.2632962E-7 -2.3569216E-7 1 1 0 6.0796738E-6
 -0.67895925 0.68274474 2.3888379E-7 2.4134624E-7 1 1 0 -2.592802E-6
 -0.67895794 0.6827277 1.5889716E-8 1.7283734E-8 1 1 0 -1.6987324E-6
 -0.67895633 0.68271744 0.0 0.0 1 1 0 -1.0728836E-6
 -0.67895633 0.68271744 0.0 0.0 1 1 0 0.0
 -0.67895633 0.68271744 0.0 0.0 1 1 0 0.0
 -0.67895633 0.68271744 0.0 0.0 1 1 0 0.0
 -0.67895633 0.68271744 0.0 0.0 1 1 0 0.0
 -0.67895633 0.68271744 0.0 0.0 1 1 0 0.0
 -0.67895633 0.68271744 0.0 0.0 1 1 0 0.0
 -0.67895633 0.68271744 0.0 0.0 1 1 0 0.0
 -0.67895633 0.68271744 0.0 0.0 1 1 0 0.0
 -0.67895633 0.68271744 0.0 0.0 1 1 0 0.0
 -0.67895633 0.68271744 0.0 0.0 1 1 0 0.0
 -0.67895633 0.68271744 0.0 0.0 1 1 0 0.0
 -0.67895633 0.68271744 0.0 0.0 1 1 0 0.0
 -0.67895633 0.68271744 0.0 0.0 1 1 0 0.0
 -0.67895633 0.68271744 0.0 0.0 1 1 0 0.0
 -0.67895633 0.68271744 0.0 0.0 1 1 0 0.0
 -0.67895633 0.68271744 0.0 0.0 1 1 0 0.0
 -0.67895633 0.68271744 0.0 0.0 1 1 0 0.0
 -0.67895633 0.68271744 0.0 0.0 1 1 0 0.0
 -0.67895633 0.68271744 0.0 0.0 1 1 0 0.0
 -0.67895633 0.68271744 0.0 0.0 1 1 0 0.0
 -0.67895633 0.68271744 0.0 0.0 1 1 0 0.0
 -0.67895633 0.68271744 0.0 0.0 1 1 0 0.0
 -0.67895633 0.68271744 0.0 0.0 1 1 0 0.0
 -0.67895633 0.68271744 0.0 0.0 1 1 0 0.0
 -0.67895633 0.68271744 0.0 0.0 1 1 0 0.0
 -0.67895633 0.68271744 0.0 0.0 1 1 0 0.0
 -0.67895633 0.68271744 0.0 0.0 1 1 0 0.0
 -0.67895633 0.68271744 0.0 0.0 1 1 0 0.0
 -0.67895633 0.68271744 0.0 0.0 1 1 0 0.0
 -0.67895633 0.68271744 0.0 0.0 1 1 0 0.0
 -0.67895633 0.68271744 0.0 0.0 1 1 0 0.0
 -0.67895633 0.68271744 0.0 0.0 1 1 0 0.0
 -0.67895633 0.68271744 0.0 0.0 1 1 0 0.0
 -0.67895633 0.68271744 0.0 0.0 1 1 0 0.0
 -0.67895633 0.68271744 0.0 0.0 1 1 0 0.0
 -0.67895633 0.68271744 0.0 0.0 1 1 0 0.0
 -0.67895633 0.68271744 0.0 0.0 1 1 0 0.0
 -0.67895633 0.68271744 0.0 0.0 1 1 0 0.0
 -0.67895633 0.68271744 0.0 0.0 1 1 0 0.0
 -0.67895633 0.68271744 0.0 0.0 1 1 0 0.0
 -0.67895633 0.68271744 0.0 0.0 1 1 0 0.0
 -0.67895633 0.68271744 0.0 0.0 1 1 0 0.0
 -0.67895484 0.68271124 -1.05812825E-8 -9.162499E-9 1 1 0 -7.1525574E-7
 -0.67895913 0.6827732 -2.4165968E-7 -2.3629416E-7 1 1 0 6.0796738E-6
 -0.6789593 0.6827447 2.462806E-7 2.3075222E-7 1 1 0 -2.592802E-6
 -0.678958 0.68272763 6.7907777E-9 1.5809945E-8 1 1 0 -1.6987324E-6
 -0.6789564 0.6827174 -2.9598029E-8 -7.408417E-9 1 1 0 -1.0728836E-6
 -0.6789549 0.6827112 -1.12684795E-8 -7.284779E-9 1 1 0 -7.1525574E-7
 -0.6789592 0.6827731 -2.3734792E-7 -2.3586598E-7 1 1 0 6.0796738E-6
 -0.67895937 0.6827446 2.15579E-7 2.3876908E-7 1 1 0 -2.592802E-6
 -0.67895806 0.6827276 1.42403795E-8 9.36739E-9 1 1 0 -1.6987324E-6
 -0.67895645 0.6827173 -2.449733E-8 -2.6329047E-8 1 1 0 -1.0728836E-6
 -0.67895496 0.6827111 -1.08791545E-8 -1.2704817E-8 1 1 0 -7.1525574E-7
 -0.67895925 0.68277305 -2.1847221E-7 -2.4161022E-7 1 1 0 6.0796738E-6
 -0.6789594 0.68274456 2.4055527E-7 2.2368977E-7 1 1 0 -2.592802E-6
 -0.6789581 0.6827275 2.290591E-8 -5.4750764E-9 1 1 0 -1.6987324E-6
 -0.6789565 0.68271726 -1.5693837E-8 -9.926817E-9 1 1 0 -1.0728836E-6
 -0.678955 0.68271106 5.5428533E-9 -4.9371796E-10 1 1 0 -7.1525574E-7
 -0.6789593 0.682773 -2.410677E-7 -2.3290828E-7 1 1 0 6.0796738E-6
 -0.6789595 0.6827445 2.3378496E-7 2.1751717E-7 1 1 0 -2.592802E-6
 -0.6789582 0.68272746 2.7836714E-8 1.7196545E-8 1 1 0 -1.6987324E-6
 -0.67895657 0.6827172 -2.1897437E-8 -2.6692865E-8 1 1 0 -1.0728836E-6
 -0.6789551 0.682711 -1.7218257E-8 6.191261E-10 1 1 0 -7.1525574E-7
 -0.67895937 0.68277293 -2.4803802E-7 -2.3398694E-7 1 1 0 6.0796738E-6
 -0.67895955 0.68274444 2.2089779E-7 2.283659E-7 1 1 0 -2.592802E-6
 -0.67895824 0.6827274 1.41321745E-8 -1.2481257E-8 1 1 0 -1.6987324E-6
 -0.6789566 0.68271714 -2.106932E-8 -2.3270687E-8 1 1 0 -1.0728836E-6
 -0.67895514 0.68271095 -3.3137476E-10 -1.0938279E-8 1 1 0 -7.1525574E-7
 -0.6789594 0.6827729 -2.414094E-7 -2.0893988E-7 1 1 0 6.0796738E-6
 -0.6789596 0.6827444 2.3499072E-7 2.3878698E-7 1 1 0 -2.592802E-6
 -0.6789583 0.68272734 2.4379652E-8 1.8016255E-8 1 1 0 -1.6987324E-6
 -0.6789567 0.6827171 0.0 0.0 1 1 0 -1.0728836E-6
 -0.6789567 0.6827171 0.0 0.0 1 1 0 0.0
 -0.6789567 0.6827171 0.0 0.0 1 1 0 0.0
 -0.6789567 0.6827171 0.0 0.0 1 1 0 0.0
 -0.6789567 0.6827171 0.0 0.0 1 1 0 0.0
 -0.6789567 0.6827171 0.0 0.0 1 1 0 0.0
 -0.6789567 0.6827171 0.0 0.0 1 1 0 0.0
 -0.6789567 0.6827171 0.0 0.0 1 1 0 0.0
 -0.6789567 0.6827171 0.0 0.0 1 1 0 0.0
 -0.6789567 0.6827171 0.0 0.0 1 1 0 0.0
 -0.6789567 0.6827171 0.0 0.0 1 1 0 0.0
 -0.6789567 0.6827171 0.0 0.0 1 1 0 0.0
 -0.6789567 0.6827171 0.0 0.0 1 1 0 0.0
 -0.6789567 0.6827171 0.0 0.0 1 1 0 0.0
 -0.6789567 0.6827171 0.0 0.0 1 1 0 0.0
 -0.6789567 0.6827171 0.0 0.0 1 1 0 0.0
 -0.6789567 0.6827171 0.0 0.0 1 1 0 0.0
 -0.6789567 0.6827171 0.0 0.0 1 1 0 0.0
 -0.6789567 0.6827171 0.0 0.0 1 1 0 0.0
 -0.6789567 0.6827171 0.0 0.0 1 1 0 0.0
 -0.6724377 0.6763019 0.35986704 -0.35786086 1 1 1 -8.165836E-6
 -0.679356 0.6832094 -0.36543375 0.3635931 1 1 2 7.867813E-6
 -0.6872404 0.6909869 -0.46891096 0.46666026 1 1 2 4.211068E-5
 -0.6956064 0.6993166 -0.49885488 0.4965833 1 1 2 2.7149916E-5
 -0.70389956 0.7076152 -0.4996274 0.49745792 1 1 2 -1.5676022E-5
 -0.71231467 0.7159971 -0.50115216 0.49894905 1 1 2 6.6936016E-5
 -0.72064567 0.72427523 -0.50096864 0.49886653 1 1 2 -2.0205975E-5
 -0.7290664 0.7326315 -0.50104076 0.49897295 1 1 2 6.92606E-5
 -0.73740536 0.7409648 -0.5009812 0.4990096 1 1 2 2.5361776E-5
 -0.7457616 0.7492856 -0.5009675 0.4990287 1 1 2 2.7745962E-5
 -0.75412905 0.7576659 -0.50095093 0.4990444 1 1 2 3.6805868E-5
 -0.7625026 0.7660165 -0.5009354 0.49906066 1 1 2 3.632903E-5
 -0.7708793 0.7743497 -0.50091964 0.49907595 1 1 2 3.6805868E-5
 -0.7792578 0.7826729 -0.5009043 0.4990913 1 1 2 3.7938356E-5
 -0.7876372 0.79099107 -0.50086075 0.4991329 1 1 2 3.9100647E-5
 -0.79601663 0.7993728 -0.5008483 0.49914917 1 1 2 8.094311E-5
 -0.80477977 0.80761385 -0.528267 0.48993886 1 1 2 -4.2796135E-5
 -0.8136002 0.8158323 -0.53191805 0.49242854 1 1 2 -3.8191676E-4
 -0.82218605 0.82394654 -0.5152284 0.48372102 1 1 2 -7.4258447E-4
 -0.8308128 0.8320527 -0.5157985 0.4851422 1 1 2 -0.0011581779
 -0.83943594 0.8401365 -0.51491123 0.48498094 1 1 2 -0.0015360713
 -0.84805566 0.8482861 -0.51462626 0.48542 1 1 2 -0.0018767118
 -0.8485138 0.84866685 -0.023410225 0.047509927 1 1 3 -2.951622E-4
 -0.84845066 0.8486306 0.0016112821 -0.0039007345 1 1 3 -2.2768974E-5
 -0.84849113 0.8486386 4.4840155E-5 -5.658355E-4 1 1 3 4.029274E-5
 -0.84844947 0.8486513 -1.1189177E-5 1.6667107E-5 1 1 3 -3.4928322E-5
 -0.8484901 0.8486568 -6.9592613E-7 4.149696E-6 1 1 3 3.671646E-5
 -0.8484482 0.84866214 4.466923E-8 -1.4677958E-8 1 1 3 -3.5703182E-5
 -0.84848905 0.84866333 3.5533592E-8 -6.772357E-9 1 1 3 3.629923E-5
 -0.84844744 0.8486661 -2.34363E-8 -2.8759152E-8 1 1 3 -3.59416E-5
 -0.8484885 0.8486657 2.5622136E-8 2.4157115E-8 1 1 3 3.6120415E-5
 -0.848447 0.8486675 -2.3656614E-8 -2.2685215E-8 1 1 3 -3.606081E-5
 -0.8484882 0.84866655 2.7229072E-8 3.1837054E-8 1 1 3 3.6120415E-5
 -0.84844685 0.848668 -2.1088212E-8 -3.055576E-8 1 1 3 -3.606081E-5
 -0.84848803 0.84866685 2.4911634E-8 3.2787277E-8 1 1 3 3.6120415E-5
 -0.84844667 0.8486682 -2.6300535E-8 -2.64612E-8 1 1 3 -3.6120415E-5
 -0.84848785 0.848667 2.2998409E-8 2.3811879E-8 1 1 3 3.6120415E-5
 -0.8484465 0.84866834 -2.1014651E-8 -2.537267E-8 1 1 3 -3.6120415E-5
 -0.8484878 0.848667 3.0944577E-8 -1.0061974E-8 1 1 3 3.6120415E-5
 -0.84844655 0.8486683 -3.1656878E-8 5.2710973E-9 1 1 3 -3.6120415E-5
 -0.84848785 0.84866697 2.5690337E-8 2.3514815E-8 1 1 3 3.6120415E-5
 -0.8484466 0.8486682 -2.6152748E-8 -3.1807826E-8 1 1 3 -3.6120415E-5
 -0.8484879 0.8486669 2.4957046E-8 3.14391E-8 1 1 3 3.6120415E-5
 -0.84844667 0.84866816 -3.164837E-8 1.0178621E-8 1 1 3 -3.6120415E-5
 -0.848488 0.84866685 2.8598445E-8 -1.961665E-8 1 1 3 3.6120415E-5
 -0.8484467 0.8486681 -2.7433456E-8 -3.2398596E-8 1 1 3 -3.6120415E-5
 -0.84848803 0.8486668 2.6410346E-8 2.6936503E-8 1 1 3 3.6120415E-5
 -0.8484468 0.84866804 -2.3614838E-8 -3.2851645E-8 1 1 3 -3.6120415E-5
 -0.8484881 0.8486667 2.3318469E-8 2.2721576E-8 1 1 3 3.6120415E-5
 -0.84844685 0.848668 -2.7239357E-8 -3.3322415E-8 1 1 3 -3.6120415E-5
 -0.84848815 0.84866667 2.6904528E-8 2.735256E-8 1 1 3 3.6120415E-5
 -0.8484469 0.8486679 -2.9737844E-8 1.0521521E-8 1 1 3 -3.6120415E-5
 -0.8484882 0.8486666 0.0 0.0 1 1 3 3.6120415E-5
 -0.8484882 0.8486666 0.0 0.0 1 1 3 0.0
 -0.8484882 0.8486666 0.0 0.0 1 1 3 0.0
 -0.8484882 0.8486666 0.0 0.0 1 1 3 0.0
 -0.8484882 0.8486666 0.0 0.0 1 1 3 0.0
 -0.8484882 0.8486666 0.0 0.0 1 1 3 0.0
 -0.8484882 0.8486666 0.0 0.0 1 1 3 0.0
 -0.8484882 0.8486666 0.0 0.0 1 1 3 0.0
 -0.8484882 0.8486666 0.0 0.0 1 1 3 0.0
 -0.8484882 0.8486666 0.0 0.0 1 1 3 0.0
 -0.8484882 0.8486666 0.0 0.0 1 1 3 0.0
 -0.8484882 0.8486666 0.0 0.0 1 1 3 0.0
 -0.8484882 0.8486666 0.0 0.0 1 1 3 0.0
 -0.8484882 0.8486666 0.0 0.0 1 1 3 0.0
 -0.8484882 0.8486666 0.0 0.0 1 1 3 0.0
 -0.8484882 0.8486666 0.0 0.0 1 1 3 0.0
 -0.8484882 0.8486666 0.0 0.0 1 1 3 0.0
 -0.8484882 0.8486666 0.0 0.0 1 1 3 0.0
 -0.8484882 0.8486666 0.0 0.0 1 1 3 0.0
 -0.8484882 0.8486666 0.0 0.0 1 1 3 0.0
 -0.8484882 0.8486666 0.0 0.0 1 1 3 0.0
 -0.8484882 0.8486666 0.0 0.0 1 1 3 0.0
 -0.84877986 0.84890467 -0.01725555 0.016208094 1 1 0 -2.3305416E-5
 -0.84936893 0.84948313 -0.03680891 0.034533508 1 1 0 1.3113022E-6
 -0.8503477 0.85045636 -0.05953498 0.055860057 1 1 0 -3.582239E-5
 -0.8518091 0.85181826 -0.08716341 0.08180297 1 1 0 -9.9897385E-5
 -0.85392475 0.8538102 -0.12538992 0.118470214 1 1 0 -1.5819073E-4
 -0.85697764 0.8567274 -0.1820962 0.1721047 1 1 0 -2.1129847E-4
 -0.86144805 0.8609682 -0.2645388 0.25016254 1 1 0 -2.9444695E-4
 -0.86787105 0.8670046 -0.38039464 0.36252773 1 1 0 -3.0201674E-4
 -0.8752718 0.874826 -0.44330353 0.4687287 1 1 0 -1.5872717E-4
