 0.0 0.0 0.0 0.0 1 1 2 0.0
 -0.0069719576 0.006971774 -0.41940904 0.41940904 1 1 2 7.1893446E-6
 -0.015912151 0.01589357 -0.5354182 0.53432274 1 1 2 -5.842652E-6
 -0.024565846 0.024484618 -0.5171796 0.51342285 1 1 2 -9.5665455E-6
 -0.032977436 0.03274869 -0.5040025 0.49510026 1 1 2 4.616566E-5
 -0.041458268 0.040837407 -0.5102731 0.48649532 1 1 2 2.8014183E-5
 -0.050422773 0.048632994 -0.5353151 0.46413538 1 1 2 1.9451976E-4
 -0.06062548 0.055069502 -0.6154807 0.38468495 1 1 2 3.984049E-4
 -0.07538535 0.056982037 -0.8958402 0.103520535 1 1 2 0.0014359765
 -0.09487061 0.054287855 -1.1731275 -0.16799879 1 1 2 0.0023816414
 -0.1147312 0.05197289 -1.2015783 -0.1386494 1 1 2 0.0019099861
 -0.13335589 0.05053088 -1.1224251 -0.09140618 1 1 2 0.0012667626
 -0.15064292 0.04992969 -1.0412197 -0.04227046 0 1 2 6.0173124E-4
 -0.16696805 0.050083153 -0.9853778 0.0049298117 0 1 2 -1.507774E-4
 -0.1825668 0.051019445 -0.94191504 0.052230235 0 1 2 -7.8611076E-4
 -0.19742973 0.052800696 -0.89652234 0.10188382 0 1 2 -0.0014838427
 -0.21146062 0.05547601 -0.84514636 0.15449597 0 1 2 -0.0022311062
 -0.22457267 0.0590869 -0.7891853 0.20993835 0 1 2 -0.0029414296
 -0.23667692 0.06362418 -0.73029685 0.26814193 0 1 2 -0.0038177818
 -0.24773921 0.06914438 -0.6691461 0.3290464 0 1 2 -0.004712999
 -0.257803 0.075788386 -0.6053997 0.39281934 0 1 2 -0.0055232346
 -0.26673442 0.08349547 -0.53860116 0.4596673 0 1 2 -0.0065081716
 -0.27448022 0.092337795 -0.46864936 0.5296586 0 1 2 -0.0075113326
 -0.28108045 0.10245393 -0.39541146 0.6029212 0 1 2 -0.008476272
 -0.28634116 0.113760695 -0.31874272 0.67962813 0 1 2 -0.009574637
 -0.29038864 0.1264999 -0.2385224 0.7599052 0 1 2 -0.010621354
 -0.2929803 0.1405328 -0.15463136 0.843914 0 1 2 -0.011808544
 -0.29409888 0.15600783 -0.066876546 0.9318071 0 1 2 -0.013051733
 -0.29377407 0.17307921 0.024848077 1.0237184 0 1 2 -0.014254972
 -0.29180172 0.19167902 0.12056903 1.1197562 0 1 2 -0.015587032
 -0.2882607 0.21201652 0.22057898 1.2201166 0 1 2 -0.016865566
 -0.28292966 0.23403974 0.32511947 1.3249955 0 1 2 -0.018312499
 -0.27580345 0.25788456 0.43405187 1.434477 0 1 2 -0.019710481
 -0.27054986 0.2754233 0.33238024 1.0544215 1 1 2 -0.014265686
 -0.26987115 0.29523435 0.039195765 1.1916084 1 0 2 -0.012747496
 -0.26969883 0.31259596 0.016620092 1.0472753 1 0 2 -0.010992795
 -0.27071396 0.32826287 -0.05588803 0.9392743 1 0 2 -0.009186536
 -0.2731768 0.34241876 -0.14772062 0.85158473 1 0 2 -0.007441744
 -0.27729422 0.35504115 -0.24305801 0.75826627 1 0 2 -0.005693838
 -0.28302202 0.36603868 -0.34260952 0.6588525 1 0 2 -0.003925517
 -0.29046828 0.37522748 -0.44752 0.5540748 1 0 2 -0.0021431893
 -0.29982 0.3826913 -0.558157 0.4436556 1 0 2 -3.2773614E-4
 -0.31102362 0.38812017 -0.67485285 0.3271844 1 0 2 0.0014256239
 -0.32434407 0.3916262 -0.7975958 0.20462611 1 0 2 0.0032601953
 -0.33972085 0.39290836 -0.92638934 0.07604391 1 0 2 0.0050241947
 -0.3573851 0.3920333 -1.0609443 -0.058365393 1 0 2 0.0068107843
 -0.37734148 0.3888181 -1.2008446 -0.1981369 1 0 2 0.008623838
 -0.39973333 0.38323313 -1.345412 -0.34257522 1 0 2 0.010347277
 -0.40918493 0.38791725 -0.5794992 0.25646657 1 1 2 0.0021829605
 -0.4185622 0.39760572 -0.5697911 0.5710997 0 1 2 4.2691827E-4
 -0.4239309 0.40925848 -0.3246153 0.6919689 0 1 2 -0.0016151071
 -0.43178424 0.41771722 -0.46649805 0.5156025 1 1 2 1.4463067E-4
 -0.4401102 0.42627013 -0.5014103 0.5046445 1 1 2 3.219545E-4
 -0.44828928 0.43476874 -0.49336085 0.5073809 1 1 2 2.2298098E-4
 -0.45649725 0.44321203 -0.49272895 0.5071441 1 1 2 2.4914742E-4
 -0.4647105 0.4517168 -0.49309894 0.5068881 1 1 2 2.373457E-4
 -0.47292718 0.4601898 -0.49342495 0.5065807 1 1 2 1.7622113E-4
 -0.48120847 0.46865347 -0.49372223 0.5062761 1 1 2 2.5078654E-4
 -0.48137286 0.46877718 -0.018509332 0.0081083365 1 1 3 1.5801191E-4
 -0.48142627 0.46878305 -0.0015729077 -0.0013759923 1 1 3 6.121397E-5
 -0.48136634 0.4688014 0.0014449961 0.0014599294 1 1 3 -6.097555E-5
 -0.48139867 0.46881968 4.0805226E-4 4.1093136E-4 1 1 3 -5.9604645E-7
 -0.4814208 0.46883208 -5.8927428E-5 -5.9371465E-5 1 1 3 4.553795E-5
 -0.481374 0.46882555 -4.969201E-5 -5.0044462E-5 1 1 3 -4.6253204E-5
 -0.48140556 0.46883637 -3.1943898E-6 -3.2239464E-6 1 1 3 4.5478344E-5
 -0.48136315 0.46883038 3.4541695E-6 3.4938053E-6 1 1 3 -4.6372414E-5
 -0.48139742 0.46884164 1.5238381E-6 1.5353395E-6 1 1 3 3.33786E-6
 -0.4814169 0.4688533 -3.4418463E-8 -3.547158E-8 1 1 3 4.476309E-5
 -0.48136884 0.46884558 -7.14622E-7 -7.243709E-7 1 1 3 -4.684925E-5
 -0.4814001 0.46885473 4.4853127E-7 4.5292444E-7 1 1 3 2.9802322E-6
 -0.4814178 0.46886456 1.6183883E-7 1.6262821E-7 1 1 3 4.452467E-5
 -0.48136875 0.46885526 -6.048973E-7 -5.8105195E-7 1 1 3 -4.708767E-5
 -0.48139942 0.4688632 4.590688E-7 4.6221646E-7 1 1 3 2.861023E-6
 -0.48141676 0.46887204 1.5017656E-7 1.5060081E-7 1 1 3 4.4345856E-5
 -0.4813675 0.468862 -6.1322055E-7 -5.8498085E-7 1 1 3 -4.708767E-5
 -0.48139805 0.4688693 4.5862825E-7 4.6153883E-7 1 1 3 2.8014183E-6
 -0.48141536 0.46887758 1.4855745E-7 1.503428E-7 1 1 3 4.440546E-5
 -0.4813486 0.46880692 9.138956E-9 9.327222E-9 1 1 3 -5.3465366E-5
 -0.48137835 0.46883526 -3.661878E-8 -3.589971E-8 1 1 3 4.6491623E-6
 -0.48139918 0.4688555 -2.0248645E-8 -2.0063883E-8 1 1 3 3.33786E-6
 -0.48141378 0.4688699 1.261849E-8 1.2248464E-8 1 1 3 4.464388E-5
 -0.48136395 0.46886277 -5.80686E-7 -5.845302E-7 1 1 3 -4.6908855E-5
 -0.48139483 0.46887118 4.567752E-7 4.6146363E-7 1 1 3 2.9802322E-6
 -0.4814126 0.46888003 1.27129E-7 1.5639195E-7 1 1 3 4.452467E-5
 -0.4813462 0.46880984 1.3500953E-8 1.3398804E-8 1 1 3 -5.340576E-5
 -0.4813762 0.4688385 -2.725316E-8 -2.816998E-8 1 1 3 4.708767E-6
 -0.48139718 0.46885896 1.335362E-8 -1.4481307E-8 1 1 3 3.33786E-6
 -0.4814119 0.46887353 6.8537105E-9 6.7374595E-9 1 1 3 4.476309E-5
 -0.48136228 0.46886638 0.0 0.0 1 1 3 -4.6908855E-5
 -0.48136228 0.46886638 0.0 0.0 1 1 3 0.0
 -0.48136228 0.46886638 0.0 0.0 1 1 3 0.0
 -0.48136228 0.46886638 0.0 0.0 1 1 3 0.0
 -0.48136228 0.46886638 0.0 0.0 1 1 3 0.0
 -0.48136228 0.46886638 0.0 0.0 1 1 3 0.0
 -0.48136228 0.46886638 0.0 0.0 1 1 3 0.0
 -0.48136228 0.46886638 0.0 0.0 1 1 3 0.0
 -0.48136228 0.46886638 0.0 0.0 1 1 3 0.0
 -0.48136228 0.46886638 0.0 0.0 1 1 3 0.0
 -0.48136228 0.46886638 0.0 0.0 1 1 3 0.0
 -0.48136228 0.46886638 0.0 0.0 1 1 3 0.0
 -0.48136228 0.46886638 0.0 0.0 1 1 3 0.0
 -0.48136228 0.46886638 0.0 0.0 1 1 3 0.0
 -0.48136228 0.46886638 0.0 0.0 1 1 3 0.0
 -0.48136228 0.46886638 0.0 0.0 1 1 3 0.0
 -0.48136228 0.46886638 0.0 0.0 1 1 3 0.0
 -0.48136228 0.46886638 0.0 0.0 1 1 3 0.0
 -0.48136228 0.46886638 0.0 0.0 1 1 3 0.0
 -0.48136228 0.46886638 0.0 0.0 1 1 3 0.0
 -0.48136228 0.46886638 0.0 0.0 1 1 3 0.0
 -0.48136228 0.46886638 0.0 0.0 1 1 3 0.0
 -0.48136228 0.46886638 0.0 0.0 1 1 3 0.0
 -0.48136228 0.46886638 0.0 0.0 1 1 3 0.0
 -0.48136228 0.46886638 0.0 0.0 1 1 3 0.0
 -0.48136228 0.46886638 0.0 0.0 1 1 3 0.0
 -0.48136228 0.46886638 0.0 0.0 1 1 3 0.0
 -0.48136228 0.46886638 0.0 0.0 1 1 3 0.0
 -0.48136228 0.46886638 0.0 0.0 1 1 3 0.0
 -0.48136228 0.46886638 0.0 0.0 1 1 3 0.0
 -0.48136228 0.46886638 0.0 0.0 1 1 3 0.0
 -0.48136228 0.46886638 0.0 0.0 1 1 3 0.0
 -0.4813933 0.46887493 -6.3389507E-6 2.075845E-5 1 1 0 2.9206276E-6
 -0.48139372 0.46882328 1.3298925E-6 1.3381332E-6 1 1 0 -4.172325E-6
 -0.48140317 0.4688552 -4.4220693E-7 -4.7535815E-7 1 1 0 4.5716763E-5
 -0.48135343 0.4688567 -9.063254E-7 -9.2203885E-7 1 1 0 -4.61936E-5
 -0.4813859 0.46886903 6.1188996E-7 6.10361E-7 1 1 0 3.4570694E-6
 -0.48140538 0.46888015 1.9365612E-7 1.8885069E-7 1 1 0 4.4822693E-5
 -0.48134032 0.4688117 -6.4195858E-9 -1.1549364E-8 1 1 0 -5.310774E-5
 -0.48137125 0.46884158 -3.2219077E-8 -4.2741327E-8 1 1 0 4.887581E-6
 -0.48139295 0.46886286 -1.708856E-8 1.656466E-8 1 1 0 3.4570694E-6
 -0.48140824 0.46887794 5.592498E-9 1.3527032E-8 1 1 0 4.476309E-5
 -0.48134148 0.46881104 1.1230862E-8 4.7161045E-8 1 1 0 -5.310774E-5
 -0.48137182 0.46884137 -2.069707E-8 -2.398462E-8 1 1 0 4.887581E-6
 -0.48139325 0.46886283 -1.308101E-8 -1.2306302E-8 1 1 0 3.4570694E-6
 -0.48140842 0.46887797 -5.7484937E-9 -1.2806254E-8 1 1 0 4.4822693E-5
 -0.4813416 0.46881104 4.3983412E-9 5.529669E-9 1 1 0 -5.3167343E-5
 -0.48137194 0.46884137 -2.0241444E-9 -3.2321843E-8 1 1 0 4.887581E-6
 -0.48139337 0.46886283 -1.915736E-9 -7.7605415E-9 1 1 0 3.4570694E-6
 -0.48140854 0.46887797 2.1264353E-9 8.370308E-9 1 1 0 4.4822693E-5
 -0.48134172 0.46881104 5.004079E-9 7.4331634E-9 1 1 0 -5.3167343E-5
 -0.48137206 0.46884137 -2.6488536E-8 -2.7644955E-8 1 1 0 4.887581E-6
 -0.48139346 0.46886283 -1.4637595E-8 -1.8803403E-8 1 1 0 3.4570694E-6
 -0.4814086 0.46887794 -1.7015965E-9 6.6313888E-9 1 1 0 4.4822693E-5
 -0.48134178 0.468811 3.3979433E-8 3.3987828E-8 1 1 0 -5.3167343E-5
 -0.48137212 0.46884134 -2.2126056E-8 -2.84329E-10 1 1 0 4.887581E-6
 -0.48139352 0.4688628 -8.435256E-9 -9.897835E-9 1 1 0 3.4570694E-6
 -0.48140866 0.4688779 -8.771432E-9 -5.6205907E-9 1 1 0 4.4822693E-5
 -0.48134184 0.46881098 2.6153835E-9 3.3477047E-8 1 1 0 -5.3167343E-5
 -0.48137218 0.4688413 5.6981087E-10 -3.1672364E-8 1 1 0 4.887581E-6
 -0.47499955 0.46229 0.36291322 -0.37267703 1 1 1 4.029274E-5
 -0.46619868 0.45331752 0.53267026 -0.5458912 1 1 1 3.6776066E-5
 -0.4576177 0.44452193 0.5198072 -0.53331566 1 1 1 6.0766935E-5
 -0.4645635 0.45159638 -0.4162048 0.42309135 1 1 2 -6.0886145E-5
 -0.47298434 0.46025935 -0.5050633 0.5195689 1 1 2 -1.116395E-4
 -0.4812492 0.46873322 -0.49493304 0.50780636 1 1 2 -1.3530254E-4
 -0.48948622 0.47716284 -0.49380168 0.5059714 1 1 2 -1.4185905E-4
 -0.49774086 0.48564214 -0.49412298 0.50584835 1 1 2 -1.51515E-4
 -0.5059834 0.49402565 -0.49435723 0.5056449 1 1 2 -1.7440319E-4
 -0.5142398 0.50247395 -0.49451822 0.5054808 1 1 2 -1.809895E-4
 -0.5225017 0.5108956 -0.49472484 0.5052772 1 1 2 -1.9541383E-4
 -0.530781 0.5193618 -0.49492356 0.50507665 1 1 2 -2.0200014E-4
 -0.53906417 0.52779144 -0.49506745 0.504931 1 1 2 -1.7535686E-4
 -0.5472849 0.53618467 -0.4952104 0.5047922 1 1 2 -2.7683377E-4
 -0.55554533 0.5446233 -0.49538708 0.50460833 1 1 2 -1.9857287E-4
 -0.5638228 0.5530278 -0.49552312 0.5044806 1 1 2 -2.5102496E-4
 -0.57212174 0.5614748 -0.49569082 0.50430703 1 1 2 -2.553761E-4
 -0.58042777 0.56988364 -0.49581292 0.5041847 1 1 2 -2.2745132E-4
 -0.58868396 0.57832146 -0.49593416 0.5040676 1 1 2 -2.782941E-4
 -0.5969691 0.5867167 -0.4960459 0.5039499 1 1 2 -2.8854609E-4
 -0.6052802 0.59515154 -0.4962009 0.5037994 1 1 2 -2.5174022E-4
 -0.61353713 0.603537 -0.4962679 0.50373036 1 1 2 -3.0854344E-4
 -0.62183475 0.61196035 -0.49641272 0.50358564 1 1 2 -3.0949712E-4
 -0.63015217 0.62034345 -0.49651363 0.50348294 1 1 2 -2.8005242E-4
 -0.6384234 0.62875986 -0.49657592 0.50342345 1 1 2 -3.2782555E-4
 -0.64673686 0.6371983 -0.49670967 0.50328815 1 1 2 -2.9075146E-4
 -0.65500546 0.64557904 -0.49680454 0.5031946 1 1 2 -3.4496188E-4
 -0.66331804 0.6539938 -0.49689293 0.5031013 1 1 2 -3.4484267E-4
 -0.6715884 0.6623585 -0.49698305 0.5030143 1 1 2 -3.5959482E-4
 -0.67990494 0.6707619 -0.4970689 0.5029282 1 1 2 -3.209412E-4
 -0.68825173 0.679189 -0.49715513 0.5028452 1 1 2 -3.221631E-4
 -0.69538254 0.68643564 -0.42882806 0.4336523 1 1 0 -3.5512447E-4
 -0.7014379 0.69255215 -0.36322 0.36719754 1 1 0 -3.5750866E-4
 -0.706475 0.69760805 -0.29998797 0.30319244 1 1 0 -3.3283234E-4
 -0.70786715 0.7054261 -0.08283486 0.4689128 0 1 0 -0.0019809604
 -0.7108927 0.70846075 -0.1825708 0.18315771 1 1 0 -3.374815E-4
 -0.7129408 0.71057934 -0.124000415 0.124316394 1 1 0 -3.7539005E-4
 -0.7140566 0.7116745 -0.067053445 0.06723212 1 1 0 -3.2049417E-4
 -0.71451294 0.7120575 -0.024627548 0.024735454 1 1 0 -2.5874376E-4
 -0.7145599 0.7121873 -0.0055634836 0.0056434097 1 1 0 -9.36389E-5
 -0.7146026 0.7122081 -3.1297622E-4 -3.2339068E-4 1 1 0 4.5478344E-5
 -0.71455723 0.71215403 -1.4631779E-4 -1.5065902E-4 1 1 0 -4.4226646E-5
 -0.7145967 0.71219116 4.338868E-7 4.4510347E-7 1 1 0 7.2717667E-6
 -0.71462154 0.71221495 3.2167975E-6 3.177933E-6 1 1 0 4.0888786E-5
 -0.7145673 0.7121602 1.4853171E-7 1.061203E-7 1 1 0 -4.6610832E-5
 -0.7146028 0.71219534 -6.353761E-8 -4.6151527E-8 1 1 0 4.297495E-5
 -0.7145554 0.71214783 1.3379783E-8 -1.9127068E-8 1 1 0 -4.5239925E-5
 -0.7145952 0.71218747 -2.7220203E-8 3.151115E-8 1 1 0 7.5101852E-6
 -0.7146204 0.7122126 -6.5995787E-9 9.899974E-10 1 1 0 4.10676E-5
 -0.7145666 0.71215874 1.5516019E-8 -5.4716374E-9 1 1 0 -4.6491623E-5
 -0.7146023 0.71219444 -3.767599E-8 2.9385186E-8 1 1 0 4.3034554E-5
 -0.71455884 0.7122133 -2.116577E-7 -1.8870126E-7 1 1 0 -3.862381E-5
 -0.71459574 0.7121608 3.969228E-7 4.1600148E-7 1 1 0 -1.4901161E-6
 -0.71461993 0.71219665 -2.0106775E-7 -1.6871931E-7 1 1 0 4.196167E-5
 -0.71456575 0.71214914 1.4057376E-8 -1.576428E-8 1 1 0 -4.5895576E-5
 -0.71460146 0.7121886 -1.1620873E-8 1.4454416E-8 1 1 0 4.339218E-5
 -0.7145582 0.71220964 -1.6259604E-7 -1.972896E-7 1 1 0 -3.8325787E-5
 -0.7145952 0.71215856 4.012762E-7 4.0723452E-7 1 1 0 -1.3709068E-6
 -0.7146195 0.7121952 -1.7759523E-7 -1.8474114E-7 1 1 0 4.208088E-5
 -0.7145654 0.71214825 1.031766E-8 -9.499402E-9 1 1 0 -4.5895576E-5
 -0.7146013 0.712188 -2.2584913E-8 3.254854E-8 1 1 0 4.3451786E-5
 -0.714558 0.71220934 -1.987343E-7 -1.9091905E-7 1 1 0 -3.838539E-5
 -0.7145952 0.71215844 4.090903E-7 4.0091524E-7 1 1 0 -1.3113022E-6
 -0.7146196 0.71219516 -1.8813434E-7 -1.604989E-7 1 1 0 4.208088E-5
 -0.7145655 0.71214825 -2.6367129E-8 -1.3513922E-8 1 1 0 -4.5835972E-5
 -0.7146014 0.712188 -1.5040504E-8 1.9277001E-8 1 1 0 4.3451786E-5
 -0.7145581 0.71220934 -1.9789844E-7 -1.8685778E-7 1 1 0 -3.838539E-5
 -0.71459526 0.7121584 4.1864146E-7 4.108407E-7 1 1 0 -1.3113022E-6
 -0.71461964 0.7121951 0.0 0.0 1 1 0 4.208088E-5
 -0.71461964 0.7121951 0.0 0.0 1 1 0 0.0
 -0.71461964 0.7121951 0.0 0.0 1 1 0 0.0
 -0.71461964 0.7121951 0.0 0.0 1 1 0 0.0
 -0.71461964 0.7121951 0.0 0.0 1 1 0 0.0
 -0.71461964 0.7121951 0.0 0.0 1 1 0 0.0
 -0.71461964 0.7121951 0.0 0.0 1 1 0 0.0
 -0.71461964 0.7121951 0.0 0.0 1 1 0 0.0
 -0.71461964 0.7121951 0.0 0.0 1 1 0 0.0
 -0.71461964 0.7121951 0.0 0.0 1 1 0 0.0
 -0.71461964 0.7121951 0.0 0.0 1 1 0 0.0
 -0.71461964 0.7121951 0.0 0.0 1 1 0 0.0
 -0.71461964 0.7121951 0.0 0.0 1 1 0 0.0
 -0.71461964 0.7121951 0.0 0.0 1 1 0 0.0
 -0.71461964 0.7121951 0.0 0.0 1 1 0 0.0
 -0.71461964 0.7121951 0.0 0.0 1 1 0 0.0
 -0.71461964 0.7121951 0.0 0.0 1 1 0 0.0
 -0.71461964 0.7121951 0.0 0.0 1 1 0 0.0
 -0.71461964 0.7121951 0.0 0.0 1 1 0 0.0
 -0.71461964 0.7121951 0.0 0.0 1 1 0 0.0
 -0.71461964 0.7121951 0.0 0.0 1 1 0 0.0
 -0.71461964 0.7121951 0.0 0.0 1 1 0 0.0
 -0.71461964 0.7121951 0.0 0.0 1 1 0 0.0
 -0.70814717 0.7057009 0.35792547 -0.35910583 1 1 1 -1.66893E-6
 -0.6993039 0.6968781 0.536441 -0.5379725 1 1 1 -4.1604042E-5
 -0.6906716 0.6882323 0.5258775 -0.52735233 1 1 1 3.3915043E-5
 -0.6823548 0.6798828 0.501525 -0.5029872 1 1 1 1.7881393E-7
 -0.67409486 0.6715797 0.49660873 -0.4980881 1 1 1 1.4066696E-5
 -0.6657779 0.6632122 0.49826726 -0.49984398 1 1 1 1.5169382E-5
 -0.6574958 0.6549333 0.4992489 -0.5009247 1 1 1 -3.5762787E-6
 -0.6491704 0.646582 0.49932534 -0.50095886 1 1 1 2.4676323E-5
 -0.640891 0.63825935 0.4991637 -0.5008979 1 1 1 -6.824732E-6
 -0.63257533 0.62994814 0.49911404 -0.50087863 1 1 1 2.9832125E-5
 -0.6242954 0.6215838 0.49910128 -0.5008968 1 1 1 2.8818846E-5
 -0.61597705 0.6132457 0.49905416 -0.50095785 1 1 1 -1.0341406E-5
 -0.6077025 0.60492873 0.4990387 -0.5009763 1 1 1 3.5196543E-5
 -0.59939235 0.5966169 0.49897975 -0.5010315 1 1 1 -6.3478947E-6
 -0.59105086 0.5882409 0.4990018 -0.5010094 1 1 1 -1.4066696E-5
 -0.5827596 0.579898 0.49898458 -0.5010287 1 1 1 3.385544E-5
 -0.5745017 0.5715784 0.49892282 -0.501088 1 1 1 3.9339066E-5
 -0.5662029 0.5632631 0.49886072 -0.50115067 1 1 1 -3.1292439E-6
 -0.55786794 0.5548828 0.49888316 -0.5011286 1 1 1 2.9534101E-5
 -0.5495954 0.546597 0.4987745 -0.5012391 1 1 1 2.682209E-6
 -0.54127955 0.53823465 0.4987951 -0.50121546 1 1 1 3.451109E-5
 -0.5330071 0.5298978 0.49872655 -0.5012848 1 1 1 4.10676E-5
 -0.52470124 0.52156585 0.49865568 -0.5013561 1 1 1 -1.6093254E-6
 -0.5163616 0.51317024 0.49867725 -0.50133455 1 1 1 -9.000301E-6
 -0.50808764 0.50487053 0.49860427 -0.50141126 1 1 1 4.6908855E-5
 -0.49977145 0.49649507 0.49857277 -0.50143445 1 1 1 3.8415194E-5
 -0.4914989 0.48814696 0.498496 -0.501516 1 1 1 3.0398369E-6
 -0.483194 0.47980323 0.4984666 -0.5015477 1 1 1 4.3958426E-5
 -0.47493377 0.47147238 0.4983809 -0.5016295 1 1 1 4.9889088E-5
 -0.4666409 0.46313667 0.4982939 -0.5017171 1 1 1 5.185604E-6
 -0.45833015 0.45479187 0.4982594 -0.50175434 1 1 1 4.6938658E-5
 -0.45006928 0.44645587 0.49816492 -0.5018453 1 1 1 5.2958727E-5
 -0.44175857 0.43805486 0.49812508 -0.50188375 1 1 1 1.4901161E-6
 -0.43345037 0.42972475 0.49802995 -0.5019876 1 1 1 5.2303076E-5
 -0.42517513 0.42133602 0.49798143 -0.5020254 1 1 1 7.748604E-6
 -0.41689122 0.41301522 0.49787942 -0.50213695 1 1 1 5.7399273E-5
 -0.40857401 0.4046122 0.4978268 -0.5021797 1 1 1 5.811453E-6
 -0.400326 0.3962935 0.49771732 -0.50229925 1 1 1 6.315112E-5
 -0.3920296 0.38789588 0.49765927 -0.50234705 1 1 1 5.4836273E-5
 -0.3837413 0.37955645 0.49747342 -0.5025409 1 1 1 6.148219E-5
 -0.37550282 0.37121513 0.49740946 -0.50259835 1 1 1 6.684661E-5
 -0.36721095 0.36280188 0.49727803 -0.5027345 1 1 1 1.40964985E-5
 -0.35892764 0.35444817 0.4971391 -0.50287807 1 1 1 6.5654516E-5
 -0.35063955 0.34606832 0.49698758 -0.50302005 1 1 1 6.5237284E-5
 -0.34239963 0.33769757 0.49683446 -0.50317514 1 1 1 7.122755E-5
 -0.3340801 0.3292872 0.49667373 -0.5033375 1 1 1 1.8954277E-5
 -0.3258476 0.32094327 0.49658433 -0.50342965 1 1 1 7.787347E-5
 -0.31759655 0.3125693 0.49640518 -0.50360405 1 1 1 7.601082E-5
 -0.30933166 0.30417266 0.49621975 -0.50379044 1 1 1 7.5519085E-5
 -0.30105886 0.29575685 0.4959375 -0.50407636 1 1 1 7.545948E-5
 -0.29280946 0.287378 0.4957254 -0.50428355 1 1 1 8.2463026E-5
 -0.28455532 0.27896735 0.49550357 -0.5045064 1 1 1 8.186698E-5
 -0.2762953 0.27053478 0.49517435 -0.5048395 1 1 1 8.225441E-5
 -0.26806244 0.26213494 0.4948218 -0.50518996 1 1 1 8.948147E-5
 -0.25985613 0.253753 0.49454775 -0.50545996 1 1 1 9.520352E-5
 -0.25159034 0.2452997 0.49425918 -0.50575066 1 1 1 8.85427E-5
 -0.24341488 0.23690358 0.49384207 -0.5061718 1 1 1 1.4866889E-4
 -0.23517293 0.22843811 0.49339294 -0.5066124 1 1 1 9.520352E-5
 -0.22697029 0.21999535 0.49291676 -0.50709826 1 1 1 1.0275841E-4
 -0.21875243 0.21153164 0.49239862 -0.5076135 1 1 1 1.502037E-4
 -0.2105804 0.20307657 0.49171525 -0.50829196 1 1 1 1.1084974E-4
 -0.20239346 0.19459455 0.4911097 -0.5089027 1 1 1 1.5823543E-4
 -0.19420503 0.1860826 0.49031484 -0.5096932 1 1 1 1.5963614E-4
 -0.18610239 0.17762479 0.48945263 -0.5105568 1 1 1 1.7374754E-4
 -0.17794122 0.16908348 0.48851112 -0.5114991 1 1 1 1.6772747E-4
 -0.16983035 0.16054957 0.48731905 -0.5126946 1 1 1 1.758337E-4
 -0.16172442 0.15197138 0.4861707 -0.51383674 1 1 1 1.7744303E-4
 -0.15365963 0.14340416 0.48472744 -0.51528513 1 1 1 2.3311377E-4
 -0.14560772 0.13478051 0.48293808 -0.5170697 1 1 1 2.3443997E-4
 -0.13757782 0.12610152 0.48073867 -0.5192741 1 1 1 2.3649633E-4
 -0.1296559 0.117454454 0.4782558 -0.5217552 1 1 1 2.9852986E-4
 -0.12170885 0.10868932 0.47545567 -0.5245475 1 1 1 2.9307604E-4
 -0.11385426 0.0998888 0.47176453 -0.5282513 1 1 1 3.0109286E-4
 -0.1060912 0.091039285 0.4674822 -0.5325303 1 1 1 4.0340424E-4
 -0.09835267 0.082031615 0.4619775 -0.5380267 1 1 1 3.4874678E-4
 -0.09080385 0.07298081 0.45509088 -0.544929 1 1 1 5.040467E-4
 -0.083384484 0.06374549 0.44559965 -0.55440897 1 1 1 4.97967E-4
 -0.07614125 0.054291975 0.4338605 -0.5661499 1 1 1 5.8582425E-4
 -0.06919531 0.04459204 0.4174928 -0.58252424 1 1 1 7.209331E-4
 -0.06258127 0.034432355 0.3938023 -0.6062116 1 1 1 8.312762E-4
 -0.056617044 0.023774916 0.35938972 -0.6406173 1 1 1 0.0010856688
 -0.05154472 0.012257384 0.30687675 -0.69310725 1 1 1 0.001392141
 -0.04784715 -7.03202E-4 0.22235723 -0.77756035 1 1 1 0.0018161982
 -0.046535715 -0.016084427 0.07810371 -0.92158496 1 1 1 0.0025900155
 -0.049639713 -0.03580337 -0.18493359 -1.1838052 1 1 1 0.0039554834
 -0.055789884 -0.060037203 -0.36116385 -1.4621066 1 1 1 0.0051612705
 -0.062040452 -0.08401478 -0.37089878 -1.4433308 1 1 1 0.00528273
 -0.06828378 -0.10702621 -0.37192065 -1.3842225 1 1 1 0.005284235
 -0.07453544 -0.12982216 -0.37827572 -1.3658055 1 1 1 0.0053108633
 -0.08094913 -0.15283145 -0.3884031 -1.3785998 1 0 1 0.0054243505
 -0.087602034 -0.17604563 -0.39806873 -1.3959202 1 0 1 0.0056421757
 -0.09433826 -0.19947915 -0.40572128 -1.4068815 1 0 1 0.0056847334
 -0.10117921 -0.22298944 -0.41148433 -1.4123675 1 0 1 0.005769193
 -0.108416244 -0.23306388 -0.44167802 -0.59344566 1 0 3 0.0040225536
 -0.11116311 -0.23460299 -0.16854183 -0.08974757 1 0 3 0.0023211092
 -0.11384798 -0.23542413 -0.17048426 -0.04095108 1 0 3 0.002274111
 -0.11706425 -0.23796664 -0.1955225 -0.15032282 1 0 3 0.002707526
 -0.12071446 -0.24171539 -0.21665025 -0.22719488 1 0 3 0.0031062067
 -0.12457727 -0.2458319 -0.23052058 -0.24807136 1 0 3 0.0032457486
 -0.12863724 -0.24996462 -0.24238485 -0.24916519 1 0 3 0.0034187138
 -0.13287823 -0.25424418 -0.25587574 -0.25533035 1 0 3 0.003549911
 -0.13739316 -0.25875413 -0.2715145 -0.26998988 1 0 3 0.0037989095
 -0.14219716 -0.26357192 -0.28872088 -0.2886249 1 0 3 0.0040568113
 -0.14734586 -0.26867628 -0.3071138 -0.3080473 1 0 3 0.0043276697
 -0.15276583 -0.27416584 -0.32670936 -0.3278454 1 0 3 0.0045448244
 -0.15853418 -0.28000107 -0.34762537 -0.3486165 1 0 3 0.0048257634
