 0.0 0.0 0.0 0.0 1 1 2 0.0
 -0.0069719576 0.006971774 -0.41940904 0.41940904 1 1 2 7.1893446E-6
 -0.015912151 0.01589357 -0.5354182 0.53432274 1 1 2 -5.842652E-6
 -0.024565846 0.024484618 -0.5171796 0.51342285 1 1 2 -9.5665455E-6
 -0.032977436 0.03274869 -0.5040025 0.49510026 1 1 2 4.616566E-5
 -0.041458268 0.040837407 -0.5102731 0.48649532 1 1 2 2.8014183E-5
 -0.050422773 0.048632994 -0.5353151 0.46413538 1 1 2 1.9451976E-4
 -0.06062548 0.055069502 -0.6154807 0.38468495 1 1 2 3.984049E-4
 -0.06449306 0.054655854 -0.25539565 -0.008882694 1 1 3 2.9736012E-4
 -0.06363855 0.055519346 0.05036733 0.050628368 1 1 3 -6.886497E-4
 -0.06253916 0.056549545 0.06308775 0.063834116 1 1 3 -8.8056177E-4
 -0.06144285 0.057670955 0.06649713 0.0665724 1 1 3 -9.4212964E-4
 -0.06030478 0.058746982 0.06692212 0.066965446 1 1 3 -9.98538E-4
 -0.059294064 0.059794486 0.06264048 0.06265736 1 1 3 -8.655116E-4
 -0.05842293 0.060693827 0.054278616 0.054273218 1 1 3 -7.597916E-4
 -0.0577431 0.061394803 0.042723063 0.04270556 1 1 3 -5.8370084E-4
 -0.057333667 0.06166716 0.027969608 0.015116089 1 1 3 -3.805682E-4
 -0.057135545 0.061758395 0.014374864 0.0047400715 1 1 3 -1.4399737E-4
 -0.057127327 0.061758544 0.0018514367 -3.2756518E-5 1 1 3 -5.9667975E-5
 -0.057278313 0.06154409 -0.010582932 -0.010575485 1 1 3 1.6410649E-4
 -0.057658363 0.061200146 -0.021672385 -0.021656787 1 1 3 2.964139E-4
 -0.058133755 0.060669154 -0.030427001 -0.03040809 1 1 3 4.467368E-4
 -0.058752682 0.060090758 -0.03641466 -0.03639834 1 1 3 4.952997E-4
 -0.059412424 0.059460085 -0.0394184 -0.039409146 1 1 3 5.635172E-4
 -0.060026444 0.058784273 -0.039438058 -0.03943724 1 1 3 5.572848E-4
 -0.06064403 0.058203164 -0.036722515 -0.036730856 1 1 3 4.977323E-4
 -0.061172523 0.057703994 -0.031634543 -0.031647906 1 1 3 4.6148896E-4
 -0.061542578 0.057274852 -0.024701992 -0.024716776 1 1 3 3.5908446E-4
 -0.061827943 0.057029556 -0.016564494 -0.016576963 1 1 3 2.1362677E-4
 -0.06196686 0.056922104 -0.007880293 -0.00788698 1 1 3 1.0474771E-4
 -0.061921038 0.056909945 7.18464E-4 7.1910827E-4 1 1 3 -9.510666E-6
 -0.061753318 0.05703501 0.008631666 0.008639301 1 1 3 -1.11438334E-4
 -0.061523758 0.057315703 0.015371388 0.015384145 1 1 3 -2.472587E-4
 -0.061204255 0.057673577 0.02054382 0.020558894 1 1 3 -2.3622066E-4
 -0.06078521 0.0580382 0.023890194 0.023905354 1 1 3 -3.6192313E-4
 -0.060391396 0.05847319 0.02533355 0.02534575 1 1 3 -3.650114E-4
 -0.06000001 0.058895312 0.024906648 0.024914844 1 1 3 -3.1484663E-4
 -0.05959849 0.059237223 0.022752713 0.022757458 1 1 3 -3.540106E-4
 -0.059303496 0.059570037 0.01918353 0.01918462 1 1 3 -2.744235E-4
 -0.059039257 0.059780188 0.014539939 0.014539091 1 1 3 -2.0096824E-4
 -0.05890988 0.059951443 0.009210571 0.009209451 1 1 3 -1.0883063E-4
 -0.058824945 0.059985165 0.0036284414 0.0036277932 1 1 3 -7.686019E-5
 -0.05887611 0.059978217 -0.0017924034 -0.0017920396 1 1 3 1.565367E-5
 -0.05900189 0.0598856 -0.0066828397 -0.006681514 1 1 3 1.4453009E-4
 -0.05914909 0.059680786 -0.0107626235 -0.010761121 1 1 3 1.18725E-4
 -0.059393425 0.059475984 -0.01377453 -0.01377317 1 1 3 1.9438192E-4
 -0.05966349 0.0592354 -0.0156005295 -0.015600201 1 1 3 2.5429577E-4
 -0.059897915 0.058940396 -0.016202016 -0.016207773 1 1 0 2.043359E-4
 -0.060171865 0.058703724 -0.015635015 -0.015637256 1 1 0 2.0721555E-4
 -0.06037416 0.05844682 -0.014007515 -0.014010451 1 1 0 1.8927827E-4
 -0.06054171 0.05823791 -0.011536387 -0.011539693 1 1 0 1.7323345E-4
 -0.060705267 0.0581258 -0.008450627 -0.008453595 1 1 0 1.10488385E-4
 -0.0607653 0.058021974 -0.0049965885 -0.0049985144 1 1 0 7.9371035E-5
 -0.06081363 0.058023416 -0.0014552645 -0.0014558742 1 1 0 1.3716519E-5
 -0.06075967 0.058032136 0.0019325473 0.0019333527 1 1 0 -6.441772E-5
 -0.060702637 0.058137663 0.0049551525 0.00495707 1 1 0 -3.104657E-5
 -0.060559016 0.05823521 0.0074056867 0.007408436 1 1 0 -1.0282174E-4
 -0.060433924 0.058408648 0.009142209 0.009145427 1 1 0 -1.0814145E-4
 -0.053355634 0.051723517 0.42333585 -0.39909196 1 1 1 -1.7502531E-4
 -0.04452549 0.04278093 0.5328943 -0.53954685 1 1 1 -2.2444874E-5
 -0.036101125 0.033889644 0.5034669 -0.53153676 1 1 1 -4.4731423E-5
 -0.028095981 0.02522789 0.48016873 -0.5195781 1 1 1 6.28531E-5
 -0.020230804 0.016491868 0.47199774 -0.5242096 1 1 1 3.96315E-5
 -0.012563783 0.00755723 0.46160936 -0.5376223 1 1 1 1.2637395E-4
 -0.005261721 -0.0018280098 0.4376294 -0.5626029 1 1 1 2.6327744E-4
 0.0011821246 -0.012120074 0.3845228 -0.61557126 1 1 1 4.7689723E-4
 0.005546359 -0.02434528 0.26362535 -0.7361807 1 1 1 0.0011365719
 0.00502723 -0.041569117 -0.034795854 -1.0336964 1 1 1 0.0023981791
 9.3858864E-4 -0.062988654 -0.24323851 -1.2889624 1 1 1 0.0034475946
 -0.0030308377 -0.08445299 -0.2342554 -1.2937558 1 1 1 0.003383467
 -0.006550359 -0.10497087 -0.21321747 -1.2314098 1 1 1 0.0029912237
 -0.009751715 -0.124724865 -0.19339582 -1.1867962 1 1 1 0.002712722
 -0.012680651 -0.14412099 -0.17579031 -1.1669924 1 0 1 0.00245051
 -0.015251913 -0.16334677 -0.15753484 -1.1539397 1 0 1 0.0022216681
 -0.017462783 -0.18229164 -0.13689464 -1.1365353 1 0 1 0.0018856246
 -0.019356532 -0.20078076 -0.11366951 -1.1136054 1 0 1 0.0015921034
 -0.020756153 -0.21889603 -0.08822027 -1.0874561 1 0 1 0.0012157261
 -0.021772608 -0.23646489 -0.060668133 -1.0594066 1 0 1 8.457713E-4
 -0.022228189 -0.2536016 -0.03105209 -1.0296931 1 0 1 3.9345026E-4
 -0.022186702 -0.27017358 7.73034E-4 -0.9978914 1 0 1 -1.1717901E-5
 -0.021519145 -0.28623465 0.03478314 -0.96391636 1 0 1 -5.408507E-4
 -0.020326268 -0.3016065 0.07114495 -0.9274956 1 0 1 -0.0010182522
 -0.018467782 -0.31635442 0.10983673 -0.88874686 1 0 1 -0.0015736744
 -0.01590773 -0.33043113 0.15092662 -0.84760463 1 0 1 -0.0021454208
 -0.012614387 -0.34379706 0.19448027 -0.8040049 1 0 1 -0.002780471
 -0.008546611 -0.35640565 0.24059553 -0.75783944 1 0 1 -0.0034327442
 -0.0036961539 -0.36816263 0.28929648 -0.7091093 1 0 1 -0.004098057
 0.002023278 -0.37909302 0.34068692 -0.65769094 1 0 1 -0.004829258
 0.008652197 -0.3891364 0.39483067 -0.6035302 1 0 1 -0.00563921
 0.016195469 -0.39820123 0.45188326 -0.54645497 1 0 1 -0.006360421
 0.02474334 -0.40629825 0.51184344 -0.4864971 1 0 1 -0.0072511192
 0.034352962 -0.41336405 0.5748605 -0.42351162 1 0 1 -0.008114979
 0.04506765 -0.41935086 0.64101803 -0.35739133 1 0 1 -0.009093896
 0.056896623 -0.42416543 0.7104337 -0.28805014 1 0 1 -0.009991258
 0.06990703 -0.42775968 0.78323954 -0.21529976 1 0 1 -0.0110542625
 0.08420922 -0.43012223 0.8595136 -0.13917477 1 0 1 -0.012096681
 0.099859506 -0.4311876 0.93940145 -0.059437916 1 0 1 -0.013205856
 0.11687757 -0.43085018 1.0230278 0.02399028 1 0 1 -0.014374897
 0.13533895 -0.42905492 1.1105124 0.11120488 1 0 1 -0.015514806
 0.14539905 -0.40617928 0.5972344 1.3709277 1 0 2 -0.017356634
 0.16001414 -0.37288293 0.8637033 1.994679 1 0 2 -0.019786716
 0.18308248 -0.33262417 1.3677889 2.4105365 1 0 2 -0.022359535
 0.21303494 -0.2861089 1.7765564 2.7876391 1 0 2 -0.024867624
 0.24560948 -0.2362524 1.9191539 2.9943318 1 0 2 -0.026753172
 0.24452363 -0.2207313 -0.04885996 0.95039856 1 1 2 -0.012939692
 0.24151167 -0.20693304 -0.17071098 0.84083676 1 1 2 -0.01150921
 0.23694678 -0.19490631 -0.2671068 0.7365277 0 1 2 -0.01011014
 0.23072755 -0.18446867 -0.3644631 0.63495976 0 1 2 -0.008757025
 0.22289868 -0.17565757 -0.46202642 0.53602636 0 1 2 -0.007344693
 0.21350606 -0.16847833 -0.5588997 0.43952927 0 1 2 -0.0060973465
 0.20253201 -0.16283895 -0.6536146 0.3453937 0 1 2 -0.00475958
 0.19002065 -0.15871081 -0.7456655 0.25349602 0 1 2 -0.0034775734
 0.18260796 -0.15307876 -0.42521796 0.29806978 1 1 2 -0.00448519
 0.17534702 -0.14449954 -0.43181938 0.5138376 1 1 2 -0.004983902
 0.16770902 -0.13527623 -0.45759493 0.55465186 1 1 2 -0.005082667
 0.16023856 -0.12603395 -0.45081213 0.5584786 1 1 2 -0.0051421225
 0.1528599 -0.116686024 -0.44095504 0.55981547 1 1 2 -0.005165249
 0.14565404 -0.10726018 -0.432903 0.56621647 1 1 2 -0.0052269697
 0.138574 -0.09765873 -0.4243554 0.5753668 1 1 2 -0.0053356886
 0.13169697 -0.08789856 -0.41378266 0.58626837 1 1 2 -0.0054016113
 0.12501432 -0.077898555 -0.40067792 0.59938884 1 1 2 -0.00550586
 0.11863184 -0.067647755 -0.38433176 0.6157018 1 1 2 -0.005661726
 0.112569384 -0.057030823 -0.3636993 0.6363262 1 1 2 -0.005807042
 0.10697213 -0.045995925 -0.33717635 0.66286063 1 1 2 -0.0060002506
 0.10194161 -0.034346737 -0.3017866 0.6982664 1 1 2 -0.0062702894
 0.097735494 -0.021920247 -0.25384957 0.7462049 1 1 2 -0.0065764785
 0.09461565 -0.008360012 -0.18728702 0.81276727 1 1 2 -0.006941229
 0.093112215 0.0067790058 -0.09151498 0.90850633 1 1 2 -0.0075463653
 0.09399629 0.024344353 0.052833013 1.0527064 1 1 2 -0.008433729
 0.09865784 0.045702357 0.28001773 1.2794044 1 1 2 -0.009627074
 0.10963593 0.07334376 0.6586342 1.6563764 1 1 2 -0.011673331
 0.1256906 0.10677618 0.95823634 2.010168 1 1 2 -0.013513327
 0.14241046 0.14117455 0.9980451 2.0690022 1 1 2 -0.014048994
 0.1595605 0.1753023 1.02667 2.0506268 1 1 2 -0.014395356
 0.17720972 0.2095521 1.0599188 2.0552928 1 0 2 -0.014763594
 0.19548205 0.24443719 1.0992637 2.0921538 1 0 2 -0.015262842
 0.21448073 0.28009385 1.1415175 2.1404948 1 0 2 -0.015827298
 0.23423459 0.31649116 1.1848756 2.1877074 1 0 2 -0.016341269
 0.2546217 0.3537313 1.2292961 2.232652 1 0 2 -0.016876519
 0.27585799 0.3916324 1.2752963 2.2780824 1 0 2 -0.017432928
 0.29786992 0.43034148 1.3233829 2.32592 1 0 2 -0.017970622
 0.32065174 0.46994305 1.3736386 2.3763223 1 0 2 -0.018497705
 0.3443322 0.51038545 1.4261441 2.42912 1 0 2 -0.019075215
 0.36889476 0.5517647 1.4810735 2.4843621 1 0 2 -0.019679666
 0.39442405 0.5940854 1.5386624 2.5422692 1 0 2 -0.020231843
 0.42095476 0.6374036 1.5990264 2.602874 1 0 2 -0.020811796
 0.44852456 0.681777 1.6623827 2.66652 1 0 2 -0.021369517
 0.47718427 0.7272737 1.7289441 2.7334015 1 0 2 -0.0219931
 0.5069324 0.7739899 1.7988665 2.8037343 1 0 2 -0.022490263
 0.5379635 0.8218636 1.8723582 2.877546 1 0 2 -0.02314049
 0.57022345 0.87106866 1.9497533 2.9554944 1 0 2 -0.02360636
 0.60381764 0.9216282 2.0310228 3.0370984 1 0 2 -0.024110079
 0.6388476 0.9735933 2.1165936 3.123181 1 0 2 -0.024637818
 0.6753206 1.0271015 2.2065892 3.213833 1 0 2 -0.02500856
 0.7133443 1.0821916 2.3012562 3.3090057 1 0 2 -0.025412202
 0.7529817 1.138968 2.400768 3.4092333 1 0 2 -0.025680304
 0.7943452 1.1974932 2.5053532 3.5144885 1 0 2 -0.025910854
 0.8374884 1.2578745 2.615236 3.6252117 1 0 2 -0.026033878
 0.8825375 1.320202 2.7306414 3.7415576 1 0 2 -0.025982797
 0.9321296 1.3863444 3.0139427 3.9634373 1 0 2 -0.026075423
 0.980406 1.4526324 2.930727 3.9799135 0 0 2 -0.024564624
 1.0351784 1.5225767 3.3336964 4.1895595 1 0 2 -0.024426222
 1.092354 1.5973885 3.4773493 4.4842405 1 0 2 -0.023325562
 1.1518841 1.6753722 3.6160517 4.67659 1 0 2 -0.02191794
 1.2134794 1.7553506 3.7464986 4.794744 1 0 2 -0.020138621
 1.277066 1.8369972 3.8716607 4.892646 1 0 2 -0.018187284
 1.3425931 1.9204702 3.9936566 5.0005803 1 0 2 -0.01604855
 1.4100084 2.0060084 4.1128016 5.119082 1 0 2 -0.013764143
 1.4793571 2.0934987 4.2290173 5.238834 1 0 2 -0.011307836
 1.5507725 2.1833475 4.358672 5.379053 1 0 2 -0.008404255
 1.5710782 2.2275898 4.482586 5.4961596 1 1 2 -0.003076315
 1.5844085 2.2414703 3.874302E-7 0.9397342 1 1 2 -0.012559891
 1.5821092 2.2544966 9.126961E-8 0.9533156 1 1 2 -0.009169817
 1.5813584 2.256504 0.0820653 0.24923001 1 1 3 -0.010414958
 1.5795228 2.2531164 -2.9802322E-8 -0.1068117 1 0 3 -0.010874271
 1.5780144 2.2498496 6.146729E-8 -0.11708998 1 0 3 -0.01029861
 1.5768294 2.2482405 -2.8405339E-8 -0.032498717 1 0 3 -0.009485245
 1.5758662 2.2475533 -1.0780059E-7 0.013288399 1 0 3 -0.008761644
 1.5755919 2.2475336 -1.3178214E-7 0.0150884185 1 0 3 -0.008114696
 1.5753243 2.247378 -4.773028E-9 0.0043125045 1 0 3 -0.00759089
 1.5750759 2.2471669 -2.386514E-9 -0.0016653346 1 0 3 -0.007053733
 1.5748616 2.24693 -8.477946E-8 -0.0019586757 1 0 3 -0.006492257
 1.5746505 2.2466955 5.1215466E-8 -5.756904E-4 1 0 3 -0.0059211254
 1.5744854 2.2465103 -1.110493E-7 2.0607101E-4 1 0 3 -0.0053720474
 1.5742794 2.2463722 1.4602847E-8 2.5141344E-4 1 0 3 -0.004815221
 1.5741475 2.246191 -5.4708835E-8 7.569457E-5 1 0 3 -0.004256487
 1.5739936 2.2460637 -1.1846669E-7 -2.8557486E-5 1 0 3 -0.003702879
 1.573843 2.2459269 6.6202574E-8 -3.3644028E-5 1 0 3 -0.003141284
 1.5737046 2.2457924 -9.4792085E-9 -1.1207116E-5 1 0 3 -0.002584219
 1.5735667 2.2457192 -1.045546E-7 5.6753004E-7 1 0 3 -0.0020353794
 1.5734675 2.2455795 3.4837512E-8 4.9541063E-6 1 0 3 -0.0014673471
 1.5733567 2.245513 6.886785E-8 -1.2458078E-6 1 0 3 -9.226799E-4
 1.5732299 2.245411 -7.6346026E-8 1.2661523E-7 1 0 3 -3.5214424E-4
 1.5731093 2.2452304 4.726462E-8 -0.0062336186 1 0 3 -4.4107437E-6
 1.5729665 2.244935 4.8894435E-8 -0.013841734 1 0 3 4.6491623E-6
 1.5728806 2.2447383 -7.287599E-8 -0.0061476026 1 0 3 8.34465E-7
 1.5728323 2.244676 7.972994E-8 1.4750936E-4 1 0 3 -1.1920929E-5
 1.5727435 2.2446961 -7.508788E-8 0.0019065602 1 0 3 -1.3828278E-5
 1.5727236 2.2446048 -2.1012966E-8 0.0011835077 1 0 3 -2.1457672E-6
 1.5726684 2.24456 4.762842E-8 1.6549861E-4 1 0 3 -6.914139E-6
 1.5725752 2.2445478 1.0375516E-8 -2.6992388E-4 1 0 3 -8.583069E-6
 1.5725504 2.2444875 -7.022027E-8 -2.292479E-4 1 0 3 -5.9604645E-6
 1.572481 2.2444766 -1.1914017E-7 -6.386823E-5 1 0 3 -8.583069E-6
 1.572475 2.244423 -9.105224E-8 3.3104512E-5 1 0 3 -5.9604645E-6
 1.5724472 2.244364 8.311508E-8 4.201373E-5 1 0 3 -9.536743E-7
 1.5723845 2.2443612 -7.738845E-8 1.4047277E-5 1 0 3 -7.390976E-6
 1.5723335 2.2443419 -7.7622644E-8 -4.0366804E-6 1 0 3 -2.1457672E-6
 1.5723385 2.24429 3.6862048E-8 -7.2953317E-6 1 0 3 -4.2915344E-6
 1.5723233 2.2442365 7.098845E-8 -3.553298E-6 1 0 3 -3.5762787E-7
 1.5722731 2.2442403 -1.06148036E-7 -2.245981E-6 1 0 3 -7.033348E-6
 1.572234 2.2442286 -1.0298234E-7 1.9592946E-7 1 0 3 -2.1457672E-6
 1.5722501 2.244185 1.8838108E-8 7.527947E-7 1 0 3 -4.2915344E-6
 1.5721918 2.244166 3.3608657E-8 2.2534039E-7 1 0 3 3.0994415E-6
 1.5722016 2.2441235 -1.786365E-7 -2.5339753E-7 1 0 3 -3.0994415E-6
 1.5721681 2.2441344 7.7170625E-9 -2.4213575E-6 1 0 3 -7.6293945E-6
 1.5721426 2.2441294 2.4897759E-8 -1.0209254E-6 1 0 3 -2.1457672E-6
 1.5721171 2.2441192 2.7204017E-8 -1.0453E-8 1 0 3 -7.1525574E-7
 1.5720932 2.2441068 -7.0983205E-8 1.7141237E-7 1 0 3 -3.5762787E-7
 1.572125 2.2440667 -2.5696526E-8 8.778007E-8 1 0 3 -3.695488E-6
 1.5720809 2.244053 -3.408702E-8 -4.3424084E-8 1 0 3 3.5762787E-6
 1.5720772 2.244071 -7.298286E-8 -2.278658E-6 1 0 3 -1.0728836E-5
 1.5720838 2.2440143 8.3545274E-8 1.5124667E-6 1 0 3 4.7683716E-6
 1.572125 2.2401905 1.2852252E-7 -0.22724666 1 0 0 -9.846687E-5
 1.5720522 2.2324913 -2.6018824E-8 -0.46324444 1 0 0 -1.9741058E-4
 1.5720454 2.22083 2.8754584E-8 -0.6965214 1 0 0 -2.7775764E-4
 1.5719585 2.2053277 -9.822543E-8 -0.9301673 1 0 0 -3.4809113E-4
 1.5718887 2.1858296 7.631024E-8 -1.1650904 1 0 0 -3.8170815E-4
 1.5717374 2.1624274 -4.6682544E-8 -1.4013835 1 0 0 -3.9076805E-4
 1.5715424 2.1350553 9.3947165E-8 -1.6391206 1 0 0 -3.604889E-4
 1.571342 2.1036377 4.4878107E-8 -1.8783947 1 0 0 -2.7680397E-4
 1.571095 2.0681841 8.440111E-8 -2.1192029 1 0 0 -1.2981892E-4
 1.5707812 2.0286834 -1.1059456E-8 -2.3616438 1 0 0 9.262562E-5
 1.5704201 1.9849023 5.3085387E-8 -2.6172128 1 0 0 1.77145E-4
 1.5700009 1.9367733 5.378388E-8 -2.8784382 1 0 0 2.2053719E-4
 1.5687354 1.8834988 7.4505806E-9 -3.2290847 1 1 0 3.6215782E-4
 1.5674202 1.8259493 -0.027537495 -3.4692514 1 1 0 7.379055E-4
 1.5660939 1.7639807 -0.058563348 -3.7064106 1 1 0 0.0012881756
 1.5649959 1.6981093 -0.04797441 -3.9462044 1 1 0 0.0020208359
 1.5642872 1.6282938 -0.03327896 -4.1872873 1 1 0 0.0029306412
 1.5679336 1.5597001 0.2156358 -4.1181445 1 0 0 0.003878355
 1.5693954 1.5645036 -4.1822204E-8 -4.550675E-7 1 1 0 2.169609E-5
 1.5700666 1.5670029 -0.015833952 7.4505806E-9 1 1 0 4.4345856E-5
 1.5702382 1.5675925 -4.6233935E-4 1.5308615E-8 1 1 0 1.9073486E-6
 1.5703641 1.5680871 3.390363E-8 1.1308899E-8 1 1 0 -2.3841858E-7
 1.5705068 1.5684586 2.125224E-8 3.0886373E-8 1 1 0 -3.5762787E-7
 1.5705943 1.5687848 1.0304799E-8 -2.5969333E-9 1 1 0 -1.1920929E-7
 1.5706929 1.569024 -3.086985E-9 8.474046E-8 1 1 0 -2.3841858E-7
 1.5707254 1.5692723 -1.6226812E-8 -1.2071563E-7 1 1 0 0.0
 1.5707985 1.5694305 7.04473E-8 8.380827E-8 1 1 0 0.0
 1.5708264 1.5695852 2.7522482E-8 -5.578469E-8 1 1 0 0.0
 1.570866 1.5697001 4.151408E-9 3.234575E-8 1 1 0 0.0
 1.5708768 1.5698167 4.762121E-8 6.607183E-8 1 1 0 -2.3841858E-7
 1.570911 1.5698863 -3.5594436E-8 -3.1175457E-8 1 1 0 0.0
 1.5709249 1.5699528 1.618404E-8 -8.31965E-8 1 1 0 0.0
 1.5709656 1.5699866 -4.5351797E-8 -3.6760337E-8 1 1 0 0.0
 1.5709472 1.5700576 -5.88517E-8 -3.2212238E-8 1 1 0 0.0
 1.5710086 1.5700464 3.237485E-9 -2.306912E-8 1 1 0 0.0
 1.5802369 1.5700415 0.550925 -5.9604645E-8 1 1 1 9.9897385E-5
 1.5975058 1.5701141 1.0385655 4.5169145E-8 1 1 1 2.7656555E-5
 1.6172017 1.5701205 1.1814657 -9.872019E-8 1 1 1 9.655952E-6
 1.6357749 1.5701021 1.1129252 5.2154064E-8 1 1 1 1.7642975E-5
 1.6526675 1.5701344 1.015542 -4.656613E-8 1 1 1 2.348423E-5
 1.6688821 1.5701095 0.9715829 -3.3527613E-8 1 1 1 3.9696693E-5
 1.685131 1.5700979 0.9749047 -1.1641532E-7 1 1 1 3.0517578E-5
 1.7016444 1.5701094 0.99253875 -5.1339157E-8 1 1 1 2.7775764E-5
 1.7183499 1.5701108 1.0036565 -4.778849E-8 1 1 1 2.861023E-5
 1.7350973 1.5700932 1.0052494 -3.387686E-8 1 1 1 3.4570694E-5
 1.7517923 1.5700755 1.0024838 3.9144652E-8 1 1 1 2.1219254E-5
 1.7684664 1.5700487 1.0000037 -2.6211637E-8 1 1 1 3.552437E-5
 1.7850991 1.5700473 0.99925023 1.3145473E-7 1 1 1 2.9087067E-5
 1.8017132 1.5700574 0.99959403 4.456524E-8 1 1 1 2.2888184E-5
 1.8183671 1.570036 1.0000966 -3.5703124E-8 1 1 1 3.6001205E-5
 1.8350492 1.5699856 1.0003332 1.3940007E-7 1 1 1 2.4199486E-5
 1.851705 1.569948 1.0003226 4.1662133E-8 1 1 1 3.325939E-5
 1.8683467 1.5699455 1.0002389 -1.010776E-7 1 1 1 2.5868416E-5
 1.8849664 1.5699452 1.0001884 -1.0484655E-7 1 1 1 1.8835068E-5
 1.9016197 1.5699124 1.0001855 1.0240183E-7 1 1 1 2.1576881E-5
 1.9182972 1.5698498 1.000209 -6.090704E-8 1 1 1 3.8146973E-5
 1.9349461 1.569815 1.0002348 -8.3273335E-8 1 1 1 1.7046928E-5
 1.9515872 1.5698006 1.0002468 -6.708433E-8 1 1 1 4.1127205E-5
 1.9682528 1.5697484 1.0002543 -9.0600224E-8 1 1 1 2.0742416E-5
 1.9848906 1.569719 1.0002604 -7.9060555E-8 1 1 1 1.4781952E-5
 2.0015252 1.5697094 1.0002671 -3.830064E-8 0 1 1 4.172325E-5
 2.0181859 1.5696595 1.0002848 -1.0593794E-8 0 1 1 1.9073486E-5
 2.0348208 1.5696115 1.0002972 -1.1656084E-7 0 1 1 1.2516975E-5
 2.0514557 1.5696009 1.0003045 -9.807991E-8 0 1 1 4.2319298E-5
 2.0681164 1.5695487 1.0003233 -5.1251845E-8 0 1 1 1.7166138E-5
 2.0847502 1.5694962 1.000337 -7.22066E-8 0 1 1 1.04904175E-5
 2.1013873 1.5694824 1.0003453 7.619383E-8 0 1 1 4.2438507E-5
 2.1180496 1.5694258 1.0003662 -1.306762E-8 0 1 1 1.5735626E-5
 2.1346838 1.5693665 1.0003821 1.7345883E-8 0 1 1 8.106232E-6
 2.1513238 1.5693476 1.0003914 3.3265678E-8 0 1 1 1.6450882E-5
 2.1679885 1.5692842 1.0004086 -2.3079338E-8 0 1 1 4.053116E-5
 2.1846225 1.5692338 1.0004323 -7.034396E-8 0 1 1 6.3180923E-6
 2.2012656 1.5692089 1.0004495 6.367918E-8 0 1 1 4.2557716E-5
 2.217934 1.5691389 1.0004654 4.0541636E-8 0 1 1 1.1920929E-5
 2.234543 1.569133 1.0004817 -6.813207E-8 0 1 1 7.6293945E-6
 2.251191 1.5690824 1.0004957 4.1211024E-8 0 1 1 8.583069E-6
 2.2678664 1.5690124 1.0005156 -4.246249E-8 0 1 1 4.005432E-5
 2.284484 1.5689923 1.0005437 -8.428469E-8 0 1 1 5.4836273E-6
 2.3011394 1.5689282 1.0005635 -5.896436E-8 0 1 1 6.4373016E-6
 2.3177981 1.5689012 1.0005742 4.848698E-8 0 1 1 4.339218E-5
 2.3344781 1.5688262 1.0006001 -1.4825491E-7 0 1 1 4.1246414E-5
 2.3510988 1.5688142 1.000628 -3.661262E-8 0 1 1 2.861023E-6
 2.367757 1.5687568 1.0006422 5.529728E-9 0 1 1 4.053116E-6
 2.3843856 1.5687019 1.0006542 -7.508788E-9 0 1 1 -3.5762787E-6
 2.4010363 1.5686755 1.0006781 -5.2212272E-8 0 1 1 4.029274E-5
 2.4177148 1.5686003 1.0007097 -1.641456E-8 0 1 1 3.33786E-6
 2.4343371 1.5685847 1.0007313 -5.296897E-9 0 1 1 -1.66893E-6
 2.4509995 1.5685216 1.0007448 6.938353E-8 0 1 1 3.683567E-5
 2.467691 1.5684385 1.0007702 -7.566996E-8 0 1 1 3.85046E-5
 2.4843268 1.5684036 1.0008011 -2.089655E-8 0 1 1 -3.8146973E-6
 2.5010004 1.568342 1.0008161 -5.2561518E-8 0 1 1 -1.9073486E-6
 2.4965832 1.5784475 -0.2567799 0.5649578 0 1 2 -0.0032889843
 2.485131 1.5852994 -0.6916167 0.43107072 0 1 2 -0.004151106
 2.4705973 1.5873816 -0.8720005 0.13889745 0 1 2 -0.0044213533
 2.4521513 1.5854107 -1.1039371 -0.11271057 0 1 2 -0.0048316717
 2.4294825 1.5793165 -1.35727 -0.3578731 0 1 2 -0.005223274
 2.4026566 1.5690306 -1.6065633 -0.60781664 0 1 2 -0.0055761337
 2.3824258 1.5688162 -1.2200999 2.2351742E-8 0 1 2 -0.0032664537
 2.3666644 1.5687255 -0.9433969 -2.7474016E-8 0 1 2 -0.0018290281
 2.3511925 1.5687188 -0.92328316 -4.5634806E-8 0 1 2 -0.0012130737
 2.3347979 1.5686649 -0.9803444 2.514571E-8 0 1 2 -7.791519E-4
 2.317956 1.5685651 -1.0086325 -4.2608008E-8 0 1 2 -2.6750565E-4
 2.3009338 1.5684242 -1.0199058 1.15484E-7 0 1 2 6.67572E-5
 2.2839184 1.5683001 -1.0192775 4.656613E-8 0 1 2 3.7908554E-5
 2.2670984 1.5682149 -1.0055865 4.2142347E-8 0 1 2 9.298325E-6
 2.2504394 1.5681586 -0.998093 4.930189E-8 0 1 2 3.528595E-5
 2.2338297 1.5680529 -0.9975982 -4.1152816E-8 0 1 2 3.3020973E-5
 2.217126 1.5679946 -0.99943995 -2.4176188E-8 0 1 2 9.417534E-6
 2.2004015 1.5679505 -1.0006988 -2.1129381E-8 0 1 2 2.002716E-5
 2.1836965 1.5678624 -1.0009276 -5.7916623E-8 0 1 2 1.8119812E-5
 2.1669915 1.5678006 -1.0006847 6.8423105E-8 0 1 2 2.1219254E-5
 2.150313 1.5677013 -1.000445 -2.0372681E-9 0 1 2 1.7762184E-5
 2.1335764 1.5676609 -1.0003545 8.2334736E-8 0 1 2 1.4901161E-5
 2.1168475 1.5676354 -1.0003598 -1.39989424E-8 0 1 2 2.026558E-5
 2.1001987 1.5675347 -1.0003809 -3.669993E-8 0 1 2 4.9114227E-5
 2.0834763 1.5674897 -1.0003855 -1.132139E-7 0 1 2 1.7881393E-5
