 0.0 0.0 0.0 0.0 1 1 0 0.0
 0.0 0.0 0.0 0.0 1 1 0 0.0
 0.0 0.0 0.0 0.0 1 1 0 0.0
 0.0 0.0 0.0 0.0 1 1 0 0.0
 0.0 0.0 0.0 0.0 1 1 0 0.0
 0.0 0.0 0.0 0.0 1 1 0 0.0
 0.0 0.0 0.0 0.0 1 1 0 0.0
 0.0 0.0 0.0 0.0 1 1 0 0.0
 0.0 0.0 0.0 0.0 1 1 0 0.0
 0.0 0.0 0.0 0.0 1 1 0 0.0
 0.0 0.0 0.0 0.0 1 1 0 0.0
 0.0 0.0 0.0 0.0 1 1 0 0.0
 0.0 0.0 0.0 0.0 1 1 0 0.0
 0.0 0.0 0.0 0.0 1 1 0 0.0
 0.0 0.0 0.0 0.0 1 1 0 0.0
 0.0 0.0 0.0 0.0 1 1 0 0.0
 0.0 0.0 0.0 0.0 1 1 0 0.0
 0.0 0.0 0.0 0.0 1 1 0 0.0
 0.0 0.0 0.0 0.0 1 1 0 0.0
 0.0 0.0 0.0 0.0 1 1 0 0.0
 0.0 0.0 0.0 0.0 1 1 0 0.0
 0.0 0.0 0.0 0.0 1 1 0 0.0
 0.0 0.0 0.0 0.0 1 1 0 0.0
 0.0 0.0 0.0 0.0 1 1 0 0.0
 0.0 0.0 0.0 0.0 1 1 0 0.0
 0.0 0.0 0.0 0.0 1 1 0 0.0
 0.0 0.0 0.0 0.0 1 1 0 0.0
 0.0 0.0 0.0 0.0 1 1 0 0.0
 0.0 0.0 0.0 0.0 1 1 0 0.0
 0.0 0.0 0.0 0.0 1 1 0 0.0
 0.0 0.0 0.0 0.0 1 1 0 0.0
 0.0 0.0 0.0 0.0 1 1 0 0.0
 0.0 0.0 0.0 0.0 1 1 0 0.0
 0.0 0.0 0.0 0.0 1 1 0 0.0
 0.0 0.0 0.0 0.0 1 1 0 0.0
 0.0 0.0 0.0 0.0 1 1 0 0.0
 0.0 0.0 0.0 0.0 1 1 0 0.0
 0.0 0.0 0.0 0.0 1 1 0 0.0
 0.0 0.0 0.0 0.0 1 1 0 0.0
 0.0 0.0 0.0 0.0 1 1 0 0.0
 0.0 0.0 0.0 0.0 1 1 0 0.0
 0.0 0.0 0.0 0.0 1 1 0 0.0
 0.0 0.0 0.0 0.0 1 1 0 0.0
 0.0 0.0 0.0 0.0 1 1 0 0.0
 0.0 0.0 0.0 0.0 1 1 0 0.0
 0.0 0.0 0.0 0.0 1 1 0 0.0
 0.0 0.0 0.0 0.0 1 1 0 0.0
 0.0 0.0 0.0 0.0 1 1 0 0.0
 0.006957368 -0.0069573694 0.4193771 -0.4193771 1 1 1 3.0626077E-5
 0.015936166 -0.015933378 0.53494763 -0.53477913 1 1 1 -5.4143835E-5
 0.024501767 -0.024489334 0.5155978 -0.51501805 1 1 1 9.233132E-6
 0.032835726 -0.032798123 0.50031567 -0.49877992 1 1 1 -1.1781231E-5
 0.041223634 -0.041102406 0.5009078 -0.495858 1 1 1 -2.143532E-5
 0.049646575 -0.049269833 0.50752026 -0.49194682 1 1 1 1.551956E-5
 0.05839107 -0.05719258 0.5252031 -0.47500515 1 1 1 -1.2072176E-4
 0.06810869 -0.064104564 0.58626986 -0.41380018 1 1 1 -2.8830394E-4
 0.08145448 -0.0674276 0.80980617 -0.18971479 1 1 1 -0.0010433495
 0.10040009 -0.06489603 1.1384015 0.15684067 1 1 1 -0.002210781
 0.12019175 -0.06277045 1.1937965 0.1270047 1 1 1 -0.001808837
 0.13866393 -0.06150866 1.1147468 0.075287804 1 1 1 -0.0010475293
 0.15568885 -0.06126704 1.0226203 0.020173436 0 1 1 -2.4028867E-4
 0.17162848 -0.061911993 0.9571039 -0.032784466 0 1 1 4.7593564E-4
 0.18667485 -0.06337361 0.90744716 -0.08545344 0 1 1 0.0012459904
 0.2009152 -0.065762885 0.857655 -0.14019482 0 1 1 0.00198327
 0.2142462 -0.06913877 0.80169636 -0.19796662 0 1 1 0.0028155446
 0.22653772 -0.07349666 0.74058473 -0.25869146 0 1 1 0.003708899
 0.2377806 -0.07892724 0.6764015 -0.32214603 0 1 1 0.0045188367
 0.2478925 -0.085423976 0.60973406 -0.38846096 0 1 1 0.005497128
 0.2569146 -0.093131155 0.5404995 -0.45769703 0 1 1 0.006436616
 0.26465935 -0.101961866 0.46823433 -0.5300615 0 1 1 0.0075093657
 0.27123278 -0.112097345 0.39270824 -0.60566354 0 1 1 0.008489683
 0.2764628 -0.123511195 0.31373632 -0.6846859 0 1 1 0.00964205
 0.28035024 -0.13630411 0.23124163 -0.7672518 0 1 1 0.010715485
 0.2827472 -0.15045638 0.14504328 -0.85354334 0 1 1 0.012005568
 0.2837302 -0.16618103 0.05510097 -0.9436598 0 1 1 0.01315549
 0.28318202 -0.18348137 -0.0388015 -1.037791 0 1 1 0.014423609
 0.28093526 -0.202361 -0.13684893 -1.1361036 0 1 1 0.015764937
 0.27704206 -0.22297584 -0.23914926 -1.2387561 0 1 1 0.017104074
 0.27138567 -0.24535444 -0.3459059 -1.3459188 0 1 1 0.018550873
 0.2638806 -0.2696049 -0.4571345 -1.4577119 0 1 1 0.019953504
 0.25792786 -0.28750816 -0.3831642 -1.0853586 1 1 1 0.014469847
 0.25668147 -0.3081004 -0.0811571 -1.2457293 1 0 1 0.012983695
 0.25573352 -0.32637772 -0.07165294 -1.106253 1 0 1 0.011178166
 0.25579762 -0.34305638 -0.010037891 -1.004605 1 0 1 0.0094724
 0.25715974 -0.3583616 0.07309316 -0.9256988 1 0 1 0.007748127
 0.25990522 -0.37224695 0.15942155 -0.8417563 1 0 1 0.006078735
 0.26422143 -0.38474593 0.24935117 -0.7519622 1 0 1 0.0043090433
 0.27003947 -0.3956337 0.34440902 -0.65701026 1 0 1 0.002586022
 0.27752462 -0.4048555 0.44497603 -0.5566412 1 0 1 8.3625317E-4
 0.28676382 -0.41232637 0.55140203 -0.45042765 1 0 1 -9.281188E-4
 0.2978466 -0.41795513 0.6639198 -0.33812252 1 0 1 -0.0027036816
 0.3109343 -0.42166784 0.7826342 -0.21961442 1 0 1 -0.0044935495
 0.32601732 -0.42329118 0.9074981 -0.09494319 1 0 1 -0.006227702
 0.3432836 -0.42276683 1.0383099 0.03572697 1 0 1 -0.008017063
 0.36281246 -0.4200237 1.174639 0.17189676 1 0 1 -0.009757936
 0.3846873 -0.41490665 1.3159231 0.31309858 1 0 1 -0.011531681
 0.40897578 -0.40738016 1.4613948 0.45848274 1 0 1 -0.01325202
 0.41838667 -0.41225916 0.56724584 -0.27380806 1 1 1 -0.0040477216
 0.42785734 -0.42190644 0.57160735 -0.5813959 1 1 1 -0.0023997426
 0.42917657 -0.4226714 0.12550831 -0.027473817 1 1 3 -0.0014131665
 0.42870185 -0.4221916 -0.026920917 0.04283097 1 1 3 -4.2563677E-4
 0.42868856 -0.42228243 -0.0020076828 -0.00214399 1 1 3 1.9192696E-5
 0.42864826 -0.4223833 -0.005842285 -0.0058540357 1 1 3 5.7280064E-5
 0.4285841 -0.4224133 -0.0011820009 -0.0011864175 1 1 3 6.0796738E-5
 0.428607 -0.42245016 4.2650086E-4 4.2810253E-4 1 1 3 -6.556511E-6
 0.4285922 -0.42242676 2.4955624E-4 2.5044996E-4 1 1 3 2.0861626E-6
 0.42856628 -0.4224326 9.71671E-6 9.758578E-6 1 1 3 3.2186508E-6
 0.4285416 -0.42244643 -2.832527E-5 -2.8411305E-5 1 1 3 2.6226044E-6
 0.4285231 -0.42245513 -8.965954E-6 -9.00567E-6 1 1 3 1.7285347E-6
 0.4285085 -0.4224652 1.2692979E-6 1.2747993E-6 1 1 3 1.1920929E-6
 0.42849666 -0.4224761 1.4057565E-6 1.4167667E-6 1 1 3 4.4494867E-5
 0.4285449 -0.4225081 -5.9996694E-7 -5.9972507E-7 1 1 3 -4.9203634E-5
 0.42851397 -0.4225174 4.498202E-7 4.479677E-7 1 1 3 2.2053719E-6
 0.4284951 -0.42252368 1.7740534E-7 2.0514807E-7 1 1 3 4.515052E-5
 0.4285401 -0.4225505 -7.803686E-7 -7.8195336E-7 1 1 3 -4.8607588E-5
 0.4284887 -0.42249036 -2.4129594E-7 -2.404968E-7 1 1 3 5.236268E-5
 0.42852738 -0.4225337 3.8830343E-8 4.1177792E-8 1 1 3 -4.968047E-5
 0.42849553 -0.4225462 8.1941266E-7 8.228126E-7 1 1 3 4.5388937E-5
 0.42851555 -0.42251515 -5.627692E-7 -5.634397E-7 1 1 3 -4.2289495E-5
 0.42848122 -0.42253903 5.2915436E-7 5.0504696E-7 1 1 3 4.4494867E-5
 0.42852363 -0.4225715 -5.507925E-7 -5.526435E-7 1 1 3 -4.9084425E-5
 0.42847246 -0.42251536 -2.3190226E-7 -2.3857473E-7 1 1 3 5.2005053E-5
 0.43641403 -0.43054432 0.4756061 -0.48079574 1 1 1 2.5749207E-5
 0.44484887 -0.43908924 0.50594485 -0.5127389 1 1 1 4.7653913E-5
 0.4531904 -0.44752777 0.4977607 -0.50389576 1 1 1 3.400445E-5
 0.4614593 -0.4558861 0.49695662 -0.50276995 1 1 1 8.752942E-5
 0.46977043 -0.46428052 0.49718872 -0.50277543 1 1 1 4.6670437E-5
 0.47805053 -0.4726823 0.4972681 -0.5027373 1 1 1 9.8615885E-5
 0.4863769 -0.48109874 0.49737254 -0.5026271 1 1 1 5.7667494E-5
 0.49465534 -0.4894512 0.49748132 -0.5025227 1 1 1 1.1527538E-4
 0.50297695 -0.4978367 0.49757951 -0.5024177 1 1 1 7.277727E-5
 0.5112672 -0.5062309 0.49763063 -0.5023711 1 1 1 1.2248755E-4
 0.5196045 -0.51463944 0.49772355 -0.50227505 1 1 1 8.112192E-5
 0.5278951 -0.5229843 0.49781877 -0.50218415 1 1 1 1.3700128E-4
 0.5362293 -0.5313623 0.4979048 -0.50209194 1 1 1 9.408593E-5
 0.5445311 -0.5397504 0.4979471 -0.5020539 1 1 1 1.4209747E-4
 0.55281705 -0.54813963 0.49802914 -0.5019688 1 1 1 1.0693073E-4
 0.56115746 -0.5565399 0.49806765 -0.50193304 1 1 1 1.4668703E-4
 0.5694576 -0.5648754 0.4981901 -0.50180906 1 1 1 1.1906028E-4
 0.57781416 -0.57330847 0.4981799 -0.5018175 1 1 1 1.1047721E-4
 0.58612883 -0.5816636 0.49825725 -0.5017445 1 1 1 1.6462803E-4
 0.59442383 -0.59003264 0.49832734 -0.5016684 1 1 1 1.2904406E-4
 0.6027733 -0.5984181 0.4983595 -0.5016405 1 1 1 1.2683868E-4
 0.61109245 -0.6068077 0.4983878 -0.5016104 1 1 1 1.7216802E-4
 0.6193872 -0.6151309 0.49849513 -0.5015031 1 1 1 1.4415383E-4
 0.62774426 -0.6235524 0.49848217 -0.5015143 1 1 1 1.3375282E-4
 0.63606536 -0.6318969 0.49854887 -0.50145215 1 1 1 1.8554926E-4
 0.6443691 -0.6402579 0.49860835 -0.50138617 1 1 1 1.501441E-4
 0.6527292 -0.6486351 0.4986348 -0.5013645 1 1 1 1.4689565E-4
 0.6610594 -0.6570178 0.49865723 -0.5013401 1 1 1 1.5226007E-4
 0.6693725 -0.6654019 0.49868023 -0.5013171 1 1 1 1.9434094E-4
 0.6776768 -0.6737851 0.49873656 -0.5012589 1 1 1 1.604557E-4
 0.6860417 -0.6821734 0.49875984 -0.50123894 1 1 1 1.5717745E-4
 0.6943732 -0.6904953 0.4988144 -0.5011841 1 1 1 2.0605326E-4
 0.7026923 -0.6989084 0.49883077 -0.50116074 1 1 1 1.6450882E-4
 0.71099967 -0.70724297 0.4988885 -0.50111365 1 1 1 1.7547607E-4
 0.71936756 -0.7155999 0.49890324 -0.5010911 1 1 1 1.7029047E-4
 0.7277072 -0.72396827 0.49892262 -0.5010739 1 1 1 1.7428398E-4
 0.73603076 -0.7323424 0.49894038 -0.5010557 1 1 1 2.1332502E-4
 0.74434596 -0.7407195 0.4989876 -0.5010068 1 1 1 1.8048286E-4
 0.75272256 -0.7491005 0.49900618 -0.5009918 1 1 1 1.7642975E-4
 0.76100415 -0.75748134 0.4990216 -0.5009743 1 1 1 2.2286177E-4
 0.76936215 -0.76586324 0.49906573 -0.5009282 1 1 1 1.8250942E-4
 0.7777003 -0.77424455 0.4991127 -0.50088704 1 1 1 1.8632412E-4
 0.78602636 -0.7825598 0.49912417 -0.50086915 1 1 1 1.963377E-4
 0.79441196 -0.790968 0.4991113 -0.50088257 1 1 1 1.8310547E-4
 0.80270225 -0.7992992 0.49915603 -0.5008434 1 1 1 2.3597479E-4
 0.81129307 -0.8079136 0.5079498 -0.5142821 1 1 1 5.3048134E-6
 0.8194386 -0.816635 0.49803835 -0.52430737 1 1 1 -2.36094E-4
 0.82754916 -0.82527214 0.48504186 -0.5165446 1 1 1 -6.532669E-4
 0.83563596 -0.8338473 0.48496628 -0.51573867 1 1 1 -0.0010275245
 0.843778 -0.84243983 0.4850126 -0.5149973 1 1 1 -0.0014156103
 0.851896 -0.8510419 0.48538023 -0.51464695 1 1 1 -0.0017918348
 0.8600047 -0.8596447 0.48572123 -0.51427895 1 1 1 -0.0021371841
 0.8685162 -0.86814094 0.5089712 -0.50560224 1 1 1 -0.002533257
 0.87699264 -0.8766921 0.5104535 -0.5075485 1 1 1 -0.0025728345
 0.88533354 -0.8850459 0.5010231 -0.5011867 1 1 1 -0.002547145
 0.8937362 -0.8933873 0.4999895 -0.50009835 1 1 1 -0.0026168823
 0.9020525 -0.90173835 0.49994314 -0.5001004 1 1 1 -0.0025486946
 0.9104488 -0.91008705 0.4999444 -0.5000497 1 1 1 -0.0026170015
 0.9187546 -0.91850877 0.49992555 -0.5000777 1 1 1 -0.0025560856
 0.9271476 -0.92683464 0.4999471 -0.50004876 1 1 1 -0.0026130676
 0.9355256 -0.935171 0.49992767 -0.50007474 1 1 1 -0.0025834441
 0.9438213 -0.9435876 0.49992642 -0.5000709 1 1 1 -0.0025548935
 0.9522098 -0.9519112 0.49995047 -0.5000473 1 1 1 -0.002583027
 0.9605868 -0.96024644 0.4999527 -0.50004786 1 1 1 -0.0026103854
 0.9689459 -0.9686539 0.49993154 -0.5000688 1 1 1 -0.0025895238
 0.97730815 -0.9769766 0.4999314 -0.5000663 1 1 1 -0.0025789142
 0.9856704 -0.9853139 0.49993318 -0.5000659 1 1 1 -0.002580762
 0.9911481 -0.9965741 0.32990098 -0.6714112 0 1 1 -0.0016869307
 0.99898976 -1.0043494 0.4543422 -0.45241728 1 1 1 -0.0032957196
 1.0076332 -1.0129755 0.5235274 -0.5199338 1 1 1 -0.003346026
 1.0079652 -1.0133345 0.036910947 -0.027362863 1 1 3 -0.0020175576
 1.0077609 -1.0130852 -0.02561734 0.019027289 1 1 3 -0.001265645
 1.007726 -1.0130246 -0.0023944364 0.0017517268 1 1 3 -6.032586E-4
 1.0077217 -1.0130703 1.2811863E-4 -5.846549E-5 1 1 3 -5.6028366E-6
 1.0077235 -1.013033 -1.5481349E-4 3.3314864E-6 1 1 3 5.00679E-6
 1.0077301 -1.0130111 -2.2383833E-6 7.8514313E-7 1 1 3 2.026558E-6
 1.007724 -1.0130609 7.422885E-7 -2.7272765E-7 1 1 3 -5.841255E-6
 1.0077273 -1.013027 -1.241549E-8 -1.3331357E-8 1 1 3 4.053116E-6
 1.0077206 -1.0130703 2.70726E-8 -3.6084383E-8 1 1 3 -4.887581E-6
 1.0077243 -1.0130328 -3.1253283E-8 3.2032666E-8 1 1 3 4.529953E-6
 1.0077306 -1.0130109 -2.4913491E-9 -3.0783351E-9 1 1 3 2.1457672E-6
 1.0077244 -1.0130607 2.4080975E-8 8.626694E-9 1 1 3 -5.90086E-6
 1.0077276 -1.0130268 -2.0328805E-8 -5.9216134E-9 1 1 3 4.1127205E-6
 1.007721 -1.0130702 2.1074353E-8 6.3195493E-9 1 1 3 -4.887581E-6
 1.0077246 -1.0130327 -2.6724166E-8 -1.2309041E-8 1 1 3 4.529953E-6
 1.007731 -1.0130107 -5.111686E-9 -4.48022E-9 1 1 3 2.1457672E-6
 1.0077248 -1.0130606 1.8307777E-8 -3.0375226E-8 1 1 3 -5.841255E-6
 1.007728 -1.0130267 -3.0226282E-8 3.340187E-8 1 1 3 4.053116E-6
 1.0077213 -1.0130701 2.4062409E-8 1.0701804E-8 1 1 3 -4.887581E-6
 1.007725 -1.0130326 -1.7727494E-8 -1.6195665E-8 1 1 3 4.529953E-6
 1.0077313 -1.0130106 -7.5981477E-10 -1.9651167E-9 1 1 3 2.1457672E-6
 1.0077251 -1.0130605 2.8952474E-8 1.4488261E-8 1 1 3 -5.841255E-6
 1.0077283 -1.0130266 -2.4095055E-8 -9.087209E-9 1 1 3 4.1127205E-6
 1.0077217 -1.01307 2.8973279E-8 1.4836305E-8 1 1 3 -4.9471855E-6
 1.0077254 -1.0130324 -2.8369005E-8 -1.3880889E-8 1 1 3 4.5895576E-6
 1.0077317 -1.0130105 -8.082405E-9 -7.675131E-9 1 1 3 2.0861626E-6
 1.0077255 -1.0130603 2.4364102E-8 9.616739E-9 1 1 3 -5.841255E-6
 1.0077287 -1.0130265 -2.1262274E-8 -6.9018213E-9 1 1 3 4.1127205E-6
 1.007722 -1.0130699 2.6695329E-8 1.2958811E-8 1 1 3 -4.9471855E-6
 1.0077257 -1.0130323 -2.7529808E-8 -1.1718912E-8 1 1 3 4.5895576E-6
 1.007732 -1.0130104 -9.2195335E-10 -2.0269453E-9 1 1 3 2.0861626E-6
 1.0077258 -1.0130602 3.016692E-8 -3.173461E-8 1 1 3 -5.841255E-6
 1.007729 -1.0130264 0.0 0.0 1 1 3 4.172325E-6
 1.007729 -1.0130264 0.0 0.0 1 1 3 0.0
 1.007729 -1.0130264 0.0 0.0 1 1 3 0.0
 1.007729 -1.0130264 0.0 0.0 1 1 3 0.0
 1.007729 -1.0130264 0.0 0.0 1 1 3 0.0
 1.007729 -1.0130264 0.0 0.0 1 1 3 0.0
 1.007729 -1.0130264 0.0 0.0 1 1 3 0.0
 1.007729 -1.0130264 0.0 0.0 1 1 3 0.0
 1.007729 -1.0130264 0.0 0.0 1 1 3 0.0
 1.007729 -1.0130264 0.0 0.0 1 1 3 0.0
 1.007729 -1.0130264 0.0 0.0 1 1 3 0.0
 1.007729 -1.0130264 0.0 0.0 1 1 3 0.0
 1.007729 -1.0130264 0.0 0.0 1 1 3 0.0
 1.007729 -1.0130264 0.0 0.0 1 1 3 0.0
 1.0077224 -1.0130697 2.321956E-8 9.801514E-9 1 1 3 -4.9471855E-6
 1.0077261 -1.0130322 -2.0848201E-8 2.9201317E-8 1 1 3 4.5895576E-6
 1.0077324 -1.0130103 2.527229E-9 1.647843E-9 1 1 3 2.0861626E-6
 1.0077262 -1.0130601 3.1066183E-8 -3.2080454E-8 1 1 3 -5.90086E-6
 1.0077294 -1.0130262 -2.745271E-8 -1.219637E-8 1 1 3 4.172325E-6
 1.0077227 -1.0130696 2.4687644E-8 9.100317E-9 1 1 3 -4.9471855E-6
 1.0077264 -1.0130321 -2.785293E-8 -1.2561539E-8 1 1 3 4.5895576E-6
 1.0077327 -1.0130101 -5.5550378E-9 -4.846333E-9 1 1 3 2.0861626E-6
 1.0077266 -1.01306 1.7734653E-8 4.2023913E-9 1 1 3 -5.90086E-6
 1.0077298 -1.0130261 -2.6003747E-8 -1.1667115E-8 1 1 3 4.172325E-6
 1.0077231 -1.0130695 2.15474E-8 8.180336E-9 1 1 3 -4.887581E-6
 1.0077268 -1.013032 -2.5739094E-8 -1.0838534E-8 1 1 3 4.529953E-6
 1.0077331 -1.01301 -9.006092E-9 -9.557027E-9 1 1 3 2.1457672E-6
 1.0077269 -1.0130599 2.0280432E-8 6.6260153E-9 1 1 3 -5.90086E-6
 1.0077301 -1.013026 -1.8610596E-8 3.1050376E-8 1 1 3 4.1127205E-6
 1.0077235 -1.0130694 2.3978128E-8 9.257056E-9 1 1 3 -4.887581E-6
 1.0077271 -1.0130318 -2.2811129E-8 -7.1125186E-9 1 1 3 4.529953E-6
 1.0077335 -1.0130099 -4.257275E-9 -5.2771285E-9 1 1 3 2.1457672E-6
 1.0077273 -1.0130597 2.3197902E-8 9.0646814E-9 1 1 3 -5.90086E-6
 1.0077305 -1.0130259 -3.17408E-8 3.1039427E-8 1 1 3 4.1127205E-6
 1.0077238 -1.0130693 2.3832218E-8 9.679084E-9 1 1 3 -4.887581E-6
 1.0077275 -1.0130317 -2.8929538E-8 3.3212594E-8 1 1 3 4.529953E-6
 1.0162785 -1.0215749 0.5086105 -0.50663835 1 1 1 -2.3663044E-5
 1.0244156 -1.0296758 0.4870202 -0.4849313 1 1 1 -2.1469593E-4
 1.0328958 -1.0381657 0.5076245 -0.504046 1 1 1 -3.131032E-4
 1.0413663 -1.0465494 0.50483066 -0.5020149 1 1 1 -3.2544136E-4
 1.049706 -1.0548891 0.5008381 -0.49911493 1 1 1 -3.0469894E-4
 1.0580721 -1.0632273 0.5008854 -0.49919313 1 1 1 -3.0839443E-4
 1.069204 -1.0688268 0.66634244 -0.33450913 1 0 1 -0.0010671616
 1.0774288 -1.0770533 0.4892875 -0.48939478 1 1 1 -3.157258E-4
 1.0858734 -1.0855006 0.50529104 -0.50539905 1 1 1 -3.1137466E-4
 1.0942234 -1.093855 0.49970102 -0.4998396 1 1 1 -2.8002262E-4
 1.1025809 -1.102217 0.5000036 -0.5001068 1 1 1 -3.014803E-4
 1.1109378 -1.1105783 0.49994728 -0.5000486 1 1 1 -3.0195713E-4
 1.1192946 -1.1189401 0.49995038 -0.5000496 1 1 1 -3.0201674E-4
 1.1276515 -1.1273022 0.4999511 -0.5000484 1 1 1 -3.0189753E-4
 1.1360081 -1.1356642 0.49995205 -0.5000475 1 1 1 -3.0195713E-4
 1.144365 -1.1440264 0.49995303 -0.5000466 1 1 1 -3.0189753E-4
 1.1527218 -1.1523882 0.499954 -0.5000457 1 1 1 -3.0183792E-4
 1.1610785 -1.16075 0.49995494 -0.50004476 1 1 1 -3.0177832E-4
 1.169435 -1.1691117 0.4999559 -0.50004387 1 1 1 -3.0183792E-4
 1.1777914 -1.1774733 0.49995676 -0.500043 1 1 1 -3.017187E-4
 1.1861476 -1.1858348 0.49995768 -0.50004214 1 1 1 -3.017187E-4
 1.1945038 -1.1941957 0.49995857 -0.5000413 1 1 1 -3.016591E-4
 1.2028598 -1.2025567 0.49995956 -0.5000404 1 1 1 -3.015995E-4
 1.2112156 -1.2109176 0.49996045 -0.5000396 1 1 1 -3.016591E-4
 1.2195711 -1.219278 0.49996135 -0.50003874 1 1 1 -3.015995E-4
 1.2279265 -1.2276381 0.4999622 -0.5000379 1 1 1 -3.015995E-4
 1.2362816 -1.235998 0.4999631 -0.5000371 1 1 1 -3.014803E-4
 1.2446367 -1.2443575 0.49996394 -0.5000363 1 1 1 -3.014803E-4
 1.2529913 -1.2527167 0.4999649 -0.5000354 1 1 1 -3.014803E-4
 1.2613457 -1.2610756 0.49996573 -0.50003463 1 1 1 -3.014207E-4
 1.2696998 -1.2694342 0.4999666 -0.50003386 1 1 1 -3.0136108E-4
 1.2781053 -1.277763 0.49996746 -0.5000331 1 1 1 -3.0690432E-4
 1.2864394 -1.2861226 0.49996832 -0.5000323 1 1 1 -2.9683113E-4
 1.2947831 -1.2944859 0.4999692 -0.50003153 1 1 1 -3.003478E-4
 1.3031299 -1.3028482 0.49997002 -0.5000307 1 1 1 -3.0118227E-4
 1.3115278 -1.3111773 0.49997085 -0.5000299 1 1 1 -3.0642748E-4
 1.3198586 -1.3195394 0.49997166 -0.5000292 1 1 1 -2.9683113E-4
 1.3282478 -1.3278711 0.49997252 -0.50002843 1 1 1 -3.053546E-4
 1.3365408 -1.3362856 0.49997333 -0.50002766 1 1 1 -2.9051304E-4
 1.3449298 -1.3446019 0.4999825 -0.50001836 1 1 1 -3.1214952E-4
 1.3533081 -1.3529271 0.49997514 -0.50002635 1 1 1 -3.0088425E-4
 1.361597 -1.3613411 0.49996778 -0.5000332 1 1 1 -2.9093027E-4
 1.3699831 -1.3696567 0.49998432 -0.50001705 1 1 1 -3.0118227E-4
 1.3783238 -1.3780277 0.49998483 -0.50001645 1 1 1 -3.054142E-4
 1.3866622 -1.3863894 0.49998546 -0.500016 1 1 1 -3.014803E-4
 1.3950022 -1.3947474 0.499986 -0.5000155 1 1 1 -3.0094385E-4
 1.4033437 -1.4031025 0.49998656 -0.5000151 1 1 1 -3.0100346E-4
 1.411731 -1.4114184 0.4999871 -0.5000146 1 1 1 -3.0452013E-4
 1.4200599 -1.419777 0.4999814 -0.50002027 1 1 1 -2.975464E-4
 1.4284394 -1.4280969 0.49998224 -0.50001955 1 1 1 -3.0386448E-4
 1.4367633 -1.4364593 0.49998298 -0.50001884 1 1 1 -2.914071E-4
 1.4294199 -1.4291434 -0.43994108 0.43996558 1 1 2 -3.0869246E-4
 1.4202965 -1.42004 -0.54847896 0.548513 1 1 2 -3.00467E-4
 1.4118296 -1.4115875 -0.5087689 0.50879407 1 1 2 -3.0243397E-4
 1.4035773 -1.4032633 -0.49829507 0.49832153 1 1 2 -3.0606985E-4
 1.395258 -1.3949715 -0.49930373 0.49934417 1 1 2 -2.9796362E-4
 1.3869715 -1.3866233 -0.50000495 0.50003344 1 1 2 -3.0642748E-4
 1.3786366 -1.3783234 -0.50001997 0.5000633 1 1 2 -2.9748678E-4
 1.3703487 -1.3699788 -0.49998325 0.50002813 1 1 2 -3.067255E-4
 1.3620135 -1.3616825 -0.49996954 0.5000308 1 1 2 -2.9712915E-4
 1.3536909 -1.3533881 -0.49997768 0.5000257 1 1 2 -3.0118227E-4
 1.3453598 -1.3450773 -0.4999853 0.50001895 1 1 2 -3.0308962E-4
 1.3370452 -1.336777 -0.4999766 0.50002766 1 1 2 -3.0076504E-4
 1.3287684 -1.3284285 -0.4999842 0.50001997 1 1 2 -3.08156E-4
 1.3204417 -1.3201292 -0.499975 0.50002915 1 1 2 -2.962947E-4
 1.3121598 -1.3117852 -0.4999743 0.5000301 1 1 2 -3.079772E-4
 1.30383 -1.3034896 -0.4999642 0.5000399 1 1 2 -2.9587746E-4
 1.2955157 -1.2951996 -0.49997264 0.5000316 1 1 2 -3.0076504E-4
 1.2871866 -1.2868881 -0.49998155 0.50002265 1 1 2 -3.041029E-4
 1.2788787 -1.2785918 -0.499971 0.5000332 1 1 2 -2.9975176E-4
 1.2706062 -1.2702461 -0.4999804 0.5000239 1 1 2 -3.0994415E-4
 1.2622831 -1.2619488 -0.4999694 0.5000348 1 1 2 -2.949834E-4
 1.2539511 -1.2536348 -0.4999687 0.5000357 1 1 2 -3.0374527E-4
 1.2456448 -1.2453406 -0.4999677 0.5000364 1 1 2 -2.989769E-4
 1.2373735 -1.2369965 -0.499967 0.50003743 1 1 2 -3.1077862E-4
 1.2290515 -1.2287005 -0.499966 0.50003815 1 1 2 -2.9444695E-4
 1.2207477 -1.2204143 -0.49996537 0.50003904 1 1 2 -3.1632185E-4
 1.212422 -1.2121003 -0.4999644 0.5000398 1 1 2 -2.8938055E-4
 1.2041217 -1.2038071 -0.49996355 0.5000408 1 1 2 -3.156662E-4
 1.195799 -1.1954881 -0.49996266 0.5000416 1 1 2 -2.886057E-4
 1.1875024 -1.1871927 -0.49996185 0.50004244 1 1 2 -2.9802322E-4
 1.1791809 -1.1788713 -0.49997413 0.50003016 1 1 2 -3.0630827E-4
 1.1708865 -1.1705751 -0.49996006 0.5000442 1 1 2 -2.977252E-4
 1.1625657 -1.1622524 -0.4999729 0.50003135 1 1 2 -3.066659E-4
 1.1542728 -1.153956 -0.49995825 0.5000461 1 1 2 -2.9730797E-4
 1.1459523 -1.1456319 -0.49997166 0.5000326 1 1 2 -3.0702353E-4
 1.1376605 -1.1373359 -0.49995655 0.5000479 1 1 2 -2.9706955E-4
 1.1293399 -1.1290112 -0.4999704 0.500034 1 1 2 -3.0744076E-4
 1.1210488 -1.1207151 -0.4999546 0.5000497 1 1 2 -2.9665232E-4
 1.1127278 -1.1123891 -0.49995375 0.50005066 1 1 2 -3.079176E-4
 1.1044372 -1.1040932 -0.49995288 0.50005174 1 1 2 -2.962947E-4
 1.096116 -1.0957663 -0.4999517 0.50005245 1 1 2 -3.0827522E-4
 1.0878259 -1.0874707 -0.49995103 0.50005364 1 1 2 -2.9599667E-4
 1.0794877 -1.079204 -0.49994975 0.50005436 1 1 2 -3.1542778E-4
 1.0711962 -1.0708835 -0.49994904 0.5000557 1 1 2 -2.9164553E-4
 1.062938 -1.0625263 -0.4999478 0.5000563 1 1 2 -3.143549E-4
 1.0546268 -1.0542203 -0.49992934 0.5000753 1 1 2 -3.144741E-4
 1.0462792 -1.0459504 -0.4999281 0.50007665 1 1 2 -2.9069185E-4
 1.0379822 -1.0376298 -0.49994475 0.5000594 1 1 2 -2.9033422E-4
 1.0297067 -1.0293357 -0.49994367 0.5000606 1 1 2 -3.2162666E-4
 1.0213912 -1.0210052 -0.49994305 0.5000619 1 1 2 -2.862811E-4
 1.0130435 -1.012721 -0.49994156 0.50006247 1 1 2 -2.8818846E-4
 1.0046768 -1.0046679 -0.5055098 0.48330536 1 1 2 -3.4171343E-4
 0.9962687 -0.9965802 -0.50668097 0.48391396 1 1 2 -4.6277046E-4
