 0.0 0.0 0.0 0.0 1 1 0 0.0
 0.0 0.0 0.0 0.0 1 1 0 0.0
 0.0 0.0 0.0 0.0 1 1 0 0.0
 0.0 0.0 0.0 0.0 1 1 0 0.0
 0.0 0.0 0.0 0.0 1 1 0 0.0
 0.0 0.0 0.0 0.0 1 1 0 0.0
 0.0 0.0 0.0 0.0 1 1 0 0.0
 0.0 0.0 0.0 0.0 1 1 0 0.0
 0.0 0.0 0.0 0.0 1 1 0 0.0
 0.0 0.0 0.0 0.0 1 1 0 0.0
 0.0 0.0 0.0 0.0 1 1 0 0.0
 0.0 0.0 0.0 0.0 1 1 0 0.0
 0.0 0.0 0.0 0.0 1 1 0 0.0
 0.0 0.0 0.0 0.0 1 1 0 0.0
 0.0 0.0 0.0 0.0 1 1 0 0.0
 0.0 0.0 0.0 0.0 1 1 0 0.0
 0.0 0.0 0.0 0.0 1 1 0 0.0
 0.0 0.0 0.0 0.0 1 1 0 0.0
 0.0 0.0 0.0 0.0 1 1 0 0.0
 0.0 0.0 0.0 0.0 1 1 0 0.0
 0.0 0.0 0.0 0.0 1 1 0 0.0
 0.0 0.0 0.0 0.0 1 1 0 0.0
 0.0 0.0 0.0 0.0 1 1 0 0.0
 0.0 0.0 0.0 0.0 1 1 0 0.0
 0.0 0.0 0.0 0.0 1 1 0 0.0
 0.0 0.0 0.0 0.0 1 1 0 0.0
 0.0 0.0 0.0 0.0 1 1 0 0.0
 0.0 0.0 0.0 0.0 1 1 0 0.0
 0.0 0.0 0.0 0.0 1 1 0 0.0
 0.0 0.0 0.0 0.0 1 1 0 0.0
 0.0 0.0 0.0 0.0 1 1 0 0.0
 0.0 0.0 0.0 0.0 1 1 0 0.0
 0.0 0.0 0.0 0.0 1 1 0 0.0
 0.0 0.0 0.0 0.0 1 1 0 0.0
 0.0 0.0 0.0 0.0 1 1 0 0.0
 0.0 0.0 0.0 0.0 1 1 0 0.0
 0.0 0.0 0.0 0.0 1 1 0 0.0
 0.0 0.0 0.0 0.0 1 1 0 0.0
 0.006957368 -0.0069573694 0.4193771 -0.4193771 1 1 1 3.0626077E-5
 0.015936166 -0.015933378 0.53494763 -0.53477913 1 1 1 -5.4143835E-5
 0.024501767 -0.024489334 0.5155978 -0.51501805 1 1 1 9.233132E-6
 0.032835726 -0.032798123 0.50031567 -0.49877992 1 1 1 -1.1781231E-5
 0.041223634 -0.041102406 0.5009078 -0.495858 1 1 1 -2.143532E-5
 0.049646575 -0.049269833 0.50752026 -0.49194682 1 1 1 1.551956E-5
 0.05839107 -0.05719258 0.5252031 -0.47500515 1 1 1 -1.2072176E-4
 0.06810869 -0.064104564 0.58626986 -0.41380018 1 1 1 -2.8830394E-4
 0.08145448 -0.0674276 0.80980617 -0.18971479 1 1 1 -0.0010433495
 0.10040009 -0.06489603 1.1384015 0.15684067 1 1 1 -0.002210781
 0.12019175 -0.06277045 1.1937965 0.1270047 1 1 1 -0.001808837
 0.13866393 -0.06150866 1.1147468 0.075287804 1 1 1 -0.0010475293
 0.15568885 -0.06126704 1.0226203 0.020173436 0 1 1 -2.4028867E-4
 0.14925791 -0.05527611 -0.3839468 0.3608575 0 1 2 0.0025238395
 0.13089195 -0.054515515 -1.1007423 0.050222397 0 1 2 0.0052561983
 0.10442365 -0.063442715 -1.5850056 -0.53120303 0 1 2 0.00812494
 0.09555843 -0.05690938 -0.5297765 0.38537493 1 1 2 0.002738133
 0.09079764 -0.044867627 -0.2832163 0.72465515 1 1 2 0.0012358949
 0.08613591 -0.03274784 -0.27946857 0.7286694 1 1 2 0.0011104196
 0.08155851 -0.020692745 -0.27638403 0.72448117 1 1 2 0.001084283
 0.07780974 -0.007716834 -0.22327481 0.7758075 1 1 2 7.6466426E-4
 0.07586906 0.006934706 -0.11900793 0.88051176 1 1 2 9.1440976E-5
 0.07668877 0.024400117 0.048091877 1.0477792 1 1 2 -7.718876E-4
 0.07849119 0.044127237 0.09694899 1.1922451 1 1 2 -0.0014655329
 0.08073812 0.064283475 0.12666023 1.2171297 1 1 2 -0.0018347874
 0.0830322 0.083640985 0.13778402 1.1613202 1 1 2 -0.0019451156
 0.08557335 0.10265425 0.15272553 1.1408159 1 1 2 -0.0021420866
 0.08843664 0.12196417 0.17191543 1.1590428 1 1 2 -0.0024163872
 0.091610596 0.14172813 0.19073436 1.1864196 1 1 2 -0.0026873797
 0.09502392 0.1618593 0.20676096 1.2070885 1 0 2 -0.00288786
 0.09867446 0.18218984 0.21992293 1.2204548 1 0 2 -0.0030747876
 0.10252485 0.20266244 0.23088308 1.2303771 1 0 2 -0.0032461733
 0.106501795 0.2233009 0.2400478 1.2390056 1 0 2 -0.0033515096
 0.11057918 0.2440775 0.2474286 1.2463877 1 0 2 -0.0034445673
 0.11536898 0.25153357 0.29189578 0.43838805 1 0 3 -0.0018328801
 0.11545661 0.25052604 0.008994565 -0.06263979 1 0 3 -8.241832E-5
 0.11549577 0.24865699 0.009697221 -0.11820653 1 0 3 -3.4496188E-5
 0.115946546 0.2485149 0.03260652 -0.013711538 1 0 3 -3.9521605E-4
 0.11681349 0.24951884 0.051474046 0.060700186 1 0 3 -7.350892E-4
 0.11790139 0.25080368 0.06265067 0.079508096 1 0 3 -9.1252476E-4
 0.119083695 0.25209802 0.07110714 0.07756031 1 0 3 -0.0010096803
 0.12042619 0.25342 0.08036989 0.07948547 1 0 3 -0.0011207312
 0.12191408 0.2549329 0.09100563 0.0890377 1 0 3 -0.0012362078
 0.123643376 0.2566062 0.10239315 0.10176878 1 0 3 -0.0014638826
 0.12556222 0.25850204 0.11420378 0.11461222 1 0 3 -0.0015910715
 0.12763445 0.260651 0.12635972 0.12695843 1 0 3 -0.0017616525
 0.13000613 0.26292002 0.1389835 0.13943341 1 0 3 -0.0020026937
 0.13250092 0.26550823 0.15228637 0.15267514 1 0 3 -0.002126515
 0.13527757 0.2682783 0.16623239 0.16661476 1 0 3 -0.0023228228
 0.13829565 0.27129883 0.18090218 0.18133382 1 0 3 -0.0025169253
 0.14156672 0.27458003 0.19634217 0.19682775 1 0 3 -0.0027627274
 0.14510718 0.2781374 0.21263719 0.21317959 1 0 3 -0.0029673576
 0.1489311 0.28198352 0.22982123 0.23039646 1 0 3 -0.0032246634
 0.15309799 0.28609532 0.24802862 0.24866474 1 0 3 -0.0034947023
 0.15753256 0.29058295 0.2673147 0.2680053 1 0 3 -0.0037110224
 0.16230746 0.29540977 0.2877173 0.28843772 1 0 3 -0.0040364563
 0.16752669 0.3005164 0.3093812 0.31017 1 0 3 -0.0043343306
 0.17302671 0.30611217 0.33240584 0.33326796 1 0 3 -0.004614748
 0.17897849 0.3120688 0.3568246 0.3577306 1 0 3 -0.0049708635
 0.18535618 0.31846732 0.38278896 0.38376477 1 0 3 -0.005329743
 0.1921883 0.32533386 0.41040492 0.41145906 1 0 3 -0.0056983978
 0.19950382 0.33269522 0.43976176 0.4408839 1 0 3 -0.0061238557
 0.20737767 0.34054294 0.4710319 0.47224876 1 0 3 -0.006519668
 0.2157507 0.34900257 0.5043217 0.505619 1 0 3 -0.0069608167
 0.22479555 0.3579724 0.53974783 0.541125 1 0 3 -0.0075260103
 0.23440734 0.36763942 0.5775893 0.57911503 1 0 3 -0.0079438165
 0.24468246 0.37798557 0.6178594 0.6194519 1 0 3 -0.00847508
 0.25570756 0.38901326 0.6607544 0.66243535 1 0 3 -0.009118229
 0.26748002 0.40082383 0.7065491 0.70839214 1 0 3 -0.009675324
 0.28009358 0.41342136 0.7553403 0.75729066 1 0 3 -0.01029788
 0.29351118 0.42695075 0.807372 0.8094431 1 0 3 -0.010967746
 0.30788788 0.44137335 0.86282825 0.86503375 1 0 3 -0.011710182
 0.32327306 0.45675942 0.9219945 0.9243691 1 0 3 -0.012462094
 0.33968663 0.47322676 0.98511404 0.98765045 1 0 3 -0.013222158
 0.35720003 0.49083745 1.0524024 1.0550803 1 0 3 -0.014036983
 0.3759338 0.50962347 1.124151 1.1269904 1 0 3 -0.0149579495
 0.39591777 0.5297149 1.2007046 1.2037607 1 0 3 -0.015789777
 0.41728124 0.5511489 1.2822835 1.2854816 1 0 3 -0.016765103
 0.44010726 0.5740252 1.3693082 1.3727244 1 0 3 -0.017782807
 0.4644439 0.5984871 1.4621232 1.465773 1 0 3 -0.018745422
 0.49048215 0.62454754 1.5610241 1.5648391 1 0 3 -0.019838303
 0.51827353 0.6523761 1.6665035 1.6705712 1 0 3 -0.02090475
 0.54788893 0.6821313 1.7789654 1.7832643 1 0 3 -0.021936715
 0.579501 0.7138864 1.898795 1.9032776 1 0 3 -0.023018867
 0.6132778 0.74773765 2.026413 2.0311155 1 0 3 -0.024133354
 0.6492587 0.78392005 2.1623583 2.167345 1 0 3 -0.025161147
 0.68768275 0.82248795 2.30709 2.312297 1 0 3 -0.026221305
 0.7286494 0.8636539 2.4612024 2.4667034 1 0 3 -0.027116686
 0.77236485 0.90754116 2.6251776 2.6308393 1 0 3 -0.027978897
 0.81894815 0.95437723 2.799544 2.8054469 1 0 3 -0.02871567
 0.8686652 1.0042628 2.9848795 2.9910572 1 0 3 -0.029260337
 0.92164534 1.0574508 3.1818018 3.1881847 1 0 3 -0.029577136
 0.97446114 1.1107951 3.1726344 3.1973817 0 0 3 -0.028532267
 1.0371413 1.17142 3.773054 3.6262453 1 0 3 -0.029724002
 1.1056616 1.2527966 4.144869 4.865555 1 0 2 -0.030120492
 1.1788276 1.3458899 4.3994346 5.5966144 1 0 2 -0.029068828
 1.2552817 1.4425243 4.6032653 5.8055897 1 0 2 -0.02633375
 1.3342652 1.5397258 4.765189 5.8344088 1 0 2 -0.023162425
 1.4159645 1.6384194 4.933143 5.920221 1 0 2 -0.019766629
 1.5005214 1.7400873 5.112769 6.0935736 1 0 2 -0.016043782
 1.5880733 1.8451177 5.296332 6.29578 1 0 2 -0.01193583
 1.572502 1.8445563 -7.4505806E-7 0.39002678 1 1 2 -6.443262E-5
 1.5776651 1.8626999 -1.8253922E-7 1.1581391 1 1 2 -0.012833595
 1.5758516 1.8819641 -3.3527613E-8 1.2936211 1 1 2 -0.0070141554
 1.5752798 1.8997732 1.1175871E-8 1.1332968 1 1 2 -0.00658679
 1.5749004 1.9156708 7.846393E-8 0.976073 1 1 2 -0.006187439
 1.574571 1.9312569 1.21071935E-8 0.95420825 1 1 2 -0.005633354
 1.574227 1.947318 -6.2864274E-9 0.978945 1 1 2 -0.004981637
 1.5739851 1.9636997 5.1833922E-8 1.0013105 1 1 2 -0.0043262243
 1.5736971 1.9802866 -8.556526E-8 1.0076573 1 1 2 -0.0037122965
 1.5734817 1.9967854 1.7753337E-7 1.0045257 1 1 2 -0.0031009316
 1.5732248 2.0133066 -4.8719812E-8 1.0005283 1 1 2 -0.002507329
 1.5730329 2.0297823 -9.028554E-8 0.999044 1 1 2 -0.001904428
 1.572891 2.0462568 1.0466647E-7 0.9993808 1 1 2 -0.001299262
 1.5727218 2.0627778 1.0905205E-7 1.000034 1 1 2 -6.919503E-4
 1.5725538 2.0793428 -1.2223609E-8 1.0003622 1 0 2 -8.8751316E-5
 1.5723555 2.0957296 1.3876706E-7 0.9892894 1 0 2 2.9563904E-5
 1.5721756 2.1122053 -4.33065E-8 0.9922009 1 0 2 2.104044E-5
 1.5720973 2.1287265 5.806214E-9 0.9984116 1 0 2 1.591444E-5
 1.5719752 2.1453378 -1.1792872E-7 1.0015198 1 0 2 1.8775463E-5
 1.571881 2.1619642 2.2992026E-8 1.0017883 1 0 2 1.4543533E-5
 1.5718064 2.1785767 1.9324943E-8 1.0009819 1 0 2 1.4841557E-5
 1.5716971 2.195204 -5.8702426E-8 1.0003494 1 0 2 1.9550323E-5
 1.5716257 2.2118282 1.778244E-8 1.0002066 1 0 2 1.6093254E-5
 1.5715654 2.2284524 8.43429E-8 1.0003428 1 0 2 1.4603138E-5
 1.5714715 2.245106 8.032657E-9 1.0004888 1 0 2 1.758337E-5
 1.5714413 2.261708 2.3137545E-8 1.0005469 1 0 2 2.1457672E-5
 1.5713632 2.2783542 -7.476774E-8 1.0005546 1 0 2 1.9192696E-5
 1.5713053 2.295008 -4.656613E-9 1.000553 1 0 2 1.3709068E-5
 1.573416 2.2999609 0.11842118 0.29975927 1 0 3 -0.0014147758
 1.5733972 2.2985046 9.49949E-8 -0.08963584 1 0 3 -0.0020724535
 1.5730143 2.3084102 -1.3411045E-7 0.60399675 1 0 2 1.8036366E-4
 1.5729053 2.3261178 5.378388E-8 1.0633209 1 0 2 5.674362E-4
 1.57299 2.3453643 -5.2154064E-8 1.1582259 1 0 2 2.515316E-4
 1.5763012 2.3517306 0.17710933 0.38841724 1 0 3 -0.0014294386
 1.5767379 2.3511398 0.029837081 -0.035656225 1 0 3 -0.0022159815
 1.5766909 2.349511 -6.146729E-8 -0.10232155 1 0 3 -0.0018992424
 1.5766569 2.3488727 4.8428774E-8 -0.039225914 1 0 3 -0.0011550188
 1.576702 2.3489316 9.359792E-8 0.005021955 1 0 3 -4.7326088E-4
 1.5766678 2.349112 4.9825758E-8 0.009160601 1 0 3 -4.2915344E-6
 1.5766503 2.3488991 4.656613E-8 -0.010740807 1 0 3 1.680851E-5
 1.5765984 2.3487628 -6.0070306E-8 -0.009323866 1 0 3 8.165836E-6
 1.5765706 2.3487103 -3.3644028E-8 -0.0028736887 1 0 3 5.7816505E-6
 1.576615 2.348715 7.514609E-8 9.657452E-4 1 0 3 -4.4107437E-6
 1.5765836 2.3487616 -3.5506673E-9 0.0015265052 1 0 3 -4.7683716E-7
 1.576563 2.3487964 -8.995994E-8 6.859483E-4 1 0 3 -2.2649765E-6
 1.576627 2.3487322 1.6729246E-8 -3.985542E-5 1 0 3 3.9339066E-6
 1.5765936 2.3487594 1.3576937E-8 -2.474995E-4 1 0 3 -1.4305115E-6
 1.5765699 2.348779 6.851769E-8 -1.4480317E-4 1 0 3 -1.1920929E-6
 1.5766327 2.3487155 1.7272669E-8 -1.0992321E-5 1 0 3 3.993511E-6
 1.5765986 2.34875 -1.8415449E-8 3.570356E-5 1 0 3 -2.026558E-6
 1.576574 2.3487754 -1.15094736E-7 2.6936608E-5 1 0 3 -1.7285347E-6
 1.5766357 2.348714 -1.7844286E-8 8.353076E-6 1 0 3 3.8146973E-6
 1.5766007 2.348749 -3.008381E-8 -6.652148E-6 1 0 3 -2.026558E-6
 1.5765754 2.3487742 2.0224206E-8 -6.1641076E-6 1 0 3 -1.4901161E-6
 1.576557 2.3487923 -1.8187455E-7 -1.8566197E-6 1 0 3 -1.3113022E-6
 1.5766234 2.348726 4.6879904E-9 3.2217845E-6 1 0 3 4.1127205E-6
 1.5765918 2.3487575 -5.4840825E-8 -5.492534E-7 1 0 3 -1.7881393E-6
 1.576569 2.3487802 1.8460861E-7 -5.3039463E-7 1 0 3 -1.6093254E-6
 1.576632 2.3487172 1.5093065E-7 2.4189387E-6 1 0 3 3.9339066E-6
 1.576598 2.348751 -1.806145E-7 -1.6615134E-6 1 0 3 -1.9669533E-6
 1.5765735 2.3487756 7.441304E-8 -1.0271604E-6 1 0 3 -1.7285347E-6
 1.5766352 2.3487139 -7.098242E-8 2.4456037E-6 1 0 3 3.874302E-6
 1.5766003 2.3487487 -1.5613443E-7 -1.4851678E-6 1 0 3 -2.026558E-6
 1.576575 2.348774 1.473245E-7 -8.576077E-7 1 0 3 -1.5497208E-6
 1.5765568 2.348792 -3.476419E-8 6.996963E-10 1 0 3 -1.3113022E-6
 1.5766232 2.3487258 -2.6422867E-8 2.6603705E-6 1 0 3 4.172325E-6
 1.5765916 2.3487573 -7.818676E-8 -1.5570579E-6 1 0 3 -1.847744E-6
 1.5765688 2.3487802 0.0 0.0 1 0 3 -1.6093254E-6
 1.5765688 2.3487802 0.0 0.0 1 0 3 0.0
 1.5765688 2.3487802 0.0 0.0 1 0 3 0.0
 1.5765688 2.3487802 0.0 0.0 1 0 3 0.0
 1.5765688 2.3487802 0.0 0.0 1 0 3 0.0
 1.5766904 2.345284 5.3085387E-8 -0.20667975 1 0 0 -9.0777874E-5
 1.5766513 2.3381925 2.7415808E-8 -0.42391154 1 0 0 -1.7672777E-4
 1.5766512 2.3275306 3.2479875E-8 -0.63832045 1 0 0 -2.7263165E-4
 1.5765821 2.3133214 1.18860044E-7 -0.8531105 1 0 0 -3.4737587E-4
 1.5764618 2.2954752 -1.6763806E-7 -1.0697348 1 0 0 -3.9935112E-4
 1.5763992 2.2739098 -3.4400728E-8 -1.2884178 1 0 0 -4.3851137E-4
 1.5761938 2.2487304 -1.915032E-8 -1.5092812 1 0 0 -4.4971704E-4
 1.5757412 2.2278943 1.3411045E-7 -1.2426288 1 0 1 1.8119812E-4
 1.5755992 2.2113438 -2.4680048E-8 -0.9943989 1 0 1 1.3315678E-4
 1.57566 2.1961021 5.029142E-8 -0.9154097 1 0 1 -2.5808811E-5
 1.5757521 2.1802583 -1.13621354E-7 -0.946659 1 0 1 -2.0205975E-5
 1.5757009 2.163658 -4.0745363E-8 -0.99387735 1 0 1 1.8060207E-5
 1.5755806 2.1467607 6.3795596E-8 -1.0132978 1 0 1 3.3199787E-5
 1.5755495 2.1298473 5.2852556E-8 -1.0107062 1 0 1 2.9444695E-5
 1.5754566 2.1131322 1.3504177E-8 -1.0029324 1 0 1 2.2888184E-5
 1.5754175 2.0964365 -1.4243415E-7 -0.9987572 1 0 1 2.3901463E-5
 1.5753357 2.07979 -5.052425E-8 -0.9985026 1 0 1 2.2053719E-5
 1.5753083 2.0630682 2.3719622E-8 -0.9996496 1 0 1 2.6166439E-5
 1.5752453 2.0463672 -5.3842086E-8 -1.0004724 1 0 1 2.604723E-5
 1.5752068 2.0296557 1.0099029E-8 -1.0006431 1 0 1 2.270937E-5
 1.5751342 2.0129716 -1.8888386E-8 -1.0004778 1 0 1 2.5451183E-5
 1.5750871 1.9962788 2.2933818E-8 -1.0003076 1 0 1 2.2649765E-5
 1.5750085 1.9796098 -1.0782969E-8 -1.0002345 1 0 1 2.5689602E-5
 1.5749931 1.9628794 -7.8449375E-8 -1.0002337 1 0 1 2.8192997E-5
 1.5746236 1.9462938 1.3783574E-7 -1.010204 1 1 1 5.620718E-5
 1.5742928 1.929951 -1.2107193E-7 -0.99383307 1 1 1 5.221367E-5
 1.5739903 1.9136388 2.3283064E-8 -0.9911552 1 1 1 4.774332E-5
 1.5737015 1.8972565 2.7939677E-8 -0.9950323 1 1 1 4.6789646E-5
 1.5734165 1.8808155 -4.1909516E-8 -0.99876297 1 1 1 4.5895576E-5
 1.5731469 1.8643275 4.4703484E-8 -1.0000995 1 1 1 5.2690506E-5
