 0.0 0.0
 0.0 0.0
 0.0 0.0
 0.0 0.0
 0.0 0.0
 0.0 0.0
 0.0 0.0
 0.0 0.0
 0.0 0.0
 0.0 0.0
 0.0 0.0
 0.0 0.0
 0.0 0.0
 0.0 0.0
 0.0 0.0
 0.0 0.0
 0.0 0.0
 0.0 0.0
 0.0 0.0
 0.0 0.0
 0.0 0.0
 0.0 0.0
 0.0 0.0
 0.0 0.0
 0.0 0.0
 0.0 0.0
 0.0 0.0
 -0.023107197 0.02310717
 -0.051345367 0.0513537
 -0.07824802 0.078290366
 -0.10431929 0.10452329
 -0.13011634 0.13092738
 -0.15537253 0.15815799
 -0.17859706 0.18716362
 -0.20022406 0.21770416
 -0.18092683 0.20050246
 -0.14900473 0.17177732
 -0.1188568 0.14572254
 -0.090061516 0.12224293
 -0.060237747 0.10020139
 -0.027750116 0.08046093
 0.010152215 0.06599556
 0.057276767 0.061109148
 0.11440398 0.06615851
 0.1778312 0.076637916
 0.23956278 0.086544245
 0.29888877 0.09560476
 0.35521606 0.10359943
 0.408134 0.11033578
 0.45722026 0.11577321
 0.50231683 0.119800605
 0.54317087 0.122498386
 0.5797448 0.12385356
 0.6119858 0.12391573
 0.6398239 0.12275748
 0.66329205 0.120399565
 0.67317075 0.12811756
 0.67485636 0.13133316
 0.66877085 0.1256415
 0.6599457 0.11788405
 0.65083027 0.10952187
 0.6416877 0.10057356
 0.6322537 0.09089288
 0.6219887 0.080554664
 0.6109091 0.069368795
 0.5988768 0.05738727
 0.56305045 0.06888664
 0.51943433 0.08068777
 0.4675437 0.078939155
 0.40698174 0.062294677
 0.3403069 0.037874866
 0.2697773 0.011587372
 0.19580528 -0.016538521
 0.118813634 -0.04632369
 0.09059646 -0.056710374
 0.056248676 -0.042840645
 0.025394281 -0.018380364
 0.0023883653 0.011869689
 -0.012099816 0.049336202
 -0.01844678 0.09504625
 -0.020411715 0.14574172
 -0.023167377 0.19643201
 -0.02711611 0.24528755
 -0.0324488 0.2923647
 -0.03919051 0.33789018
 -0.04747041 0.38200292
 -0.057424407 0.42453656
 -0.06910496 0.46533376
 -0.08264971 0.50432944
 -0.098112084 0.5414586
 -0.11548525 0.57665354
 -0.13479574 0.6099149
 -0.10703153 0.5936544
 -0.076623425 0.5654653
 -0.055340476 0.53297585
 -0.04275046 0.4937227
 -0.038767915 0.44580767
 -0.04439446 0.38821092
 -0.060665492 0.32002696
 -0.08841907 0.24062829
 -0.12793137 0.14943406
 -0.11538986 0.11402999
 -0.09186961 0.0815873
 -0.06264211 0.057436176
 -0.027915636 0.039795715
 0.00422953 0.021805735
 0.03653771 0.0040410776
 0.06853889 -0.013968535
 0.09954703 -0.032384396
 0.12906113 -0.051500976
 0.15668735 -0.071613975
 0.18201625 -0.092914164
 0.2046799 -0.11550436
 0.22453895 -0.13960223
 0.24454428 -0.16374709
 0.25796083 -0.19137014
 0.2682484 -0.22069189
 0.2754475 -0.25185233
 0.27969947 -0.2849338
 0.26962274 -0.29252395
 0.26205802 -0.30053708
 0.25550815 -0.30730462
 0.24991044 -0.31288746
 0.24529864 -0.31747174
 0.24162424 -0.32113087
 0.23880269 -0.32393658
 0.23682179 -0.32590073
 0.235685 -0.32710287
 0.22261082 -0.29524302
 0.21281585 -0.24927725
 0.21263437 -0.19585045
 0.18882778 -0.17015947
 0.16335556 -0.14206879
 0.13874479 -0.11377845
 0.11518869 -0.08502764
 0.09299908 -0.054987382
