 0.0 0.0
 0.023457611 -0.02345764
 0.05179597 -0.051796008
 0.078724846 -0.0787229
 0.10486873 -0.10486943
 0.13095628 -0.13095722
 0.15719743 -0.15719062
 0.18343897 -0.18344036
 0.20963609 -0.20963833
 0.23588535 -0.23588766
 0.26215038 -0.26213405
 0.28840956 -0.28841028
 0.31465033 -0.31465477
 0.29293245 -0.29293364
 0.27125448 -0.27125138
 0.2496949 -0.24968761
 0.22827068 -0.22824444
 0.22254844 -0.22252725
 0.2147859 -0.21476905
 0.21484864 -0.21483319
 0.21482818 -0.21481429
 0.21490724 -0.21489479
 0.21489242 -0.21488126
 0.21497138 -0.21496141
 0.21495487 -0.21494599
 0.21494792 -0.2149402
 0.21494706 -0.21494061
 0.21499754 -0.21497896
 0.21498545 -0.2149794
 0.21498334 -0.21497953
 0.21498398 -0.2149815
 0.2149869 -0.2149819
 0.21499081 -0.21498305
 0.21499516 -0.21498455
 0.2149968 -0.21498705
 0.2149985 -0.21498969
 0.21500003 -0.2149924
 0.21500143 -0.21499498
 0.2150026 -0.21499746
 0.21500358 -0.21499974
 0.21500441 -0.21500179
 0.21500507 -0.21500367
 0.21500555 -0.21500538
 0.21500586 -0.21500695
 0.2150061 -0.21500832
 0.21500616 -0.21500963
 0.21500613 -0.21501082
 0.21500601 -0.21501191
 0.19260189 -0.1925952
 0.16414616 -0.16414578
 0.13699305 -0.13699064
 0.11088771 -0.11088234
 0.08490321 -0.08489436
 0.0587518 -0.058738433
 0.032570366 -0.03255063
 0.00639465 -0.006365001
 -0.019786978 0.01983487
 -6.6351733E-4 7.1728334E-4
 0.029573373 -0.029440138
 0.05743801 -0.05701965
 0.084038325 -0.08257333
 0.112045765 -0.106629394
 0.14422585 -0.12604477
 0.18036768 -0.14206971
 0.2194081 -0.15563339
 0.2601454 -0.16733767
 0.3018821 -0.17814343
 0.34383082 -0.18878613
 0.385399 -0.19986874
 0.42603803 -0.21194154
 0.4652682 -0.22531542
 0.5028407 -0.24043044
 0.5351258 -0.25509518
 0.5625728 -0.2721482
 0.585518 -0.2915517
 0.6040309 -0.31310427
 0.61842114 -0.33678833
 0.628886 -0.3625543
 0.63557553 -0.39040354
 0.6387183 -0.42028812
 0.6386239 -0.45228165
 0.63545114 -0.48632315
 0.58044744 -0.49514544
 0.5128519 -0.506626
 0.4891058 -0.48235923
 0.46270183 -0.45561346
 0.4364822 -0.42901385
 0.4105526 -0.40265477
 0.38477224 -0.3763765
 0.35342613 -0.35532308
 0.32791603 -0.3299736
 0.3496047 -0.35178557
 0.37924176 -0.38155833
 0.40637192 -0.40882242
 0.43244812 -0.43502715
 0.45719337 -0.4590052
 0.48384288 -0.48551443
 0.51019776 -0.5117706
 0.5365834 -0.5380858
 0.562921 -0.5643291
 0.58924973 -0.59066355
 0.6156309 -0.6169404
 0.5951084 -0.5962986
 0.5657125 -0.56700677
 0.5381114 -0.5394137
 0.5120498 -0.51346165
 0.48617154 -0.48765194
 0.4601264 -0.4616642
 0.43404013 -0.435645
 0.40789333 -0.4095819
 0.381728 -0.38355282
 0.3555739 -0.35750142
 0.32942566 -0.331496
 0.30327567 -0.30551863
 0.3004075 -0.30329877
 0.30110884 -0.30466488
 0.30118874 -0.30485776
 0.30115095 -0.30479833
 0.30112615 -0.30477145
 0.30111006 -0.3047568
 0.27966836 -0.28351566
 0.25130793 -0.25554246
 0.23004773 -0.22236612
 0.20485353 -0.19631611
 0.17928088 -0.16965245
 0.1538081 -0.14272566
 0.12860346 -0.11556656
 0.10386183 -0.08803459
 0.079850525 -0.059712294
 0.05734743 -0.029900588
 0.038254578 0.0033216546
 0.027820023 0.044967778
 0.026761439 0.095874816
 0.026930206 0.14948076
 0.026530238 0.20219406
 0.025206402 0.25338173
 0.022856759 0.30335754
 0.019426098 0.35225362
 0.014756233 0.39998987
 0.008656804 0.44637957
 0.0010042617 0.49126422
 -0.008250825 0.53450996
 -0.01920184 0.57603604
 -0.031988874 0.6158903
 -0.04651003 0.6539077
 -0.062857114 0.69011974
 -0.081037335 0.7245292
 -0.10109263 0.757099
 -0.122999094 0.78786075
 -0.0960547 0.7697639
 -0.06320995 0.7446746
 -0.038798895 0.7157928
 -0.021869473 0.6807826
 -0.012511093 0.6382391
 -0.011646077 0.58705604
 -0.020418039 0.5264767
 -0.03960236 0.4555859
 -0.069843285 0.37371457
 -0.111632444 0.28059345
 -0.16484632 0.17616023
 -0.15015621 0.14408405
 -0.123148285 0.11466734
 -0.0902221 0.09385891
 -0.06279212 0.07012413
 -0.035986967 0.04479914
 -0.008116928 0.020187804
 0.022623807 -0.0014549053
 0.05741693 -0.020133074
 0.09157354 -0.039255247
 0.12421455 -0.059147786
 0.15491721 -0.08011044
 0.18320127 -0.10229689
 0.20872849 -0.12586644
 0.23135455 -0.15102637
 0.25093746 -0.17788786
 0.27066755 -0.20471267
 0.28357306 -0.23537874
 0.2933936 -0.26788092
 0.3001834 -0.30227232
 0.30492243 -0.3215876
 0.3088619 -0.33567306
 0.31229594 -0.34483808
 0.3152501 -0.34894526
 0.31783095 -0.34808442
 0.3053556 -0.3153069
 0.29595065 -0.26941675
 0.27047342 -0.24405092
 0.24473727 -0.21634313
 0.21975648 -0.18874094
 0.1954292 -0.16088052
 0.17173563 -0.13239042
 0.14889608 -0.10292368
 0.12750545 -0.07200532
 0.108621776 -0.03859306
 0.094607994 -3.3671389E-4
 0.08718256 0.04530376
 0.08044108 0.092026405
 0.073671326 0.13800736
 0.06677965 0.18330923
 0.059605002 0.22835785
 0.052037943 0.27305818
 0.043847542 0.31715444
 0.034719683 0.36047855
 0.024140548 0.4000829
 0.012076219 0.43571955
 -0.0015924207 0.4673013
 -0.016834944 0.49475223
 -0.033671737 0.51805997
 -0.05202398 0.53717315
 -0.07197095 0.55220485
 -0.09342239 0.5631272
 -0.11647488 0.570085
 -0.14110117 0.5731487
 -0.16728932 0.57232505
 -0.19516753 0.5677906
 -0.22474203 0.55961186
 -0.25608405 0.5478924
 -0.2892942 0.5327212
 -0.32438847 0.5143151
 -0.36157075 0.49283886
 -0.40087336 0.46845186
