 1 0.0
 2 3.1059608E-5
 3 6.1951578E-6
 4 -1.283735E-5
 5 1.2211502E-5
 6 -2.2821128E-5
 7 8.735806E-6
 8 3.5464764E-5
 9 -1.338216E-6
 10 -3.0746683E-5
 11 -1.44098885E-5
 12 3.2657757E-5
 13 -2.08579E-5
 14 2.7641654E-5
 15 9.2461705E-6
 16 1.2755394E-5
 17 1.0356307E-6
 18 -0.003363587
 19 -1.2353063E-5
 20 -1.1578202E-5
 21 -6.556511E-6
 22 3.130734E-5
 23 2.4974346E-5
 24 1.6584992E-5
 25 5.7742E-5
 26 5.4508448E-5
 27 4.6484172E-5
 28 9.696931E-5
 29 1.106672E-4
 30 1.2299046E-4
 31 8.7772496E-5
 32 1.5092734E-4
 33 7.181242E-5
 34 -5.699694E-7
 35 -2.2111088E-4
 36 -0.0010747164
 37 -0.0022915602
 38 -0.0010170862
 39 0.0030938387
 40 0.0071537644
 41 0.011592701
 42 0.01677017
 43 0.023076296
 44 0.03068927
 45 0.039754555
 46 0.050399736
 47 0.06260806
 48 0.072157234
 49 0.082169116
 50 0.09386937
 51 0.103982896
 52 0.11408598
 53 0.12421267
 54 0.13428822
 55 0.1443123
 56 0.15449753
 57 0.16476282
 58 0.17520422
 59 0.18420967
 60 0.19422022
 61 0.20409653
 62 0.21394244
 63 0.2235961
 64 0.2329332
 65 0.24427263
 66 0.25713697
 67 0.27113408
 68 0.28105515
 69 0.28821224
 70 0.2927506
 71 0.29788473
 72 0.30255535
 73 0.30482554
 74 0.30674058
 75 0.3093375
 76 0.3128333
 77 0.31736183
 78 0.32295686
 79 0.3298061
 80 0.3383145
 81 0.3484826
 82 0.36028033
 83 0.373627
 84 0.3885065
 85 0.40463746
 86 0.42208594
 87 0.44093165
 88 0.46122935
 89 0.48311567
 90 0.5053577
 91 0.52822566
 92 0.5531143
 93 0.5806526
 94 0.6110076
 95 0.64378095
 96 0.6765213
 97 0.70936966
 98 0.7461848
 99 0.76789963
 100 0.78959405
 101 0.81133837
 102 0.8313484
 103 0.8518115
 104 0.8715217
 105 0.8897667
 106 0.9068124
 107 0.9225315
 108 0.937109
 109 0.95089257
 110 0.9653365
 111 0.979727
 112 0.99415123
 113 1.0086665
 114 1.0230012
 115 1.037027
 116 1.050761
 117 1.0642246
 118 1.074302
 119 1.0814146
 120 1.0855033
 121 1.0944407
 122 1.104006
 123 1.1124631
 124 1.1184149
 125 1.124212
 126 1.130336
 127 1.1369245
 128 1.1441758
 129 1.152209
 130 1.1612358
 131 1.1713003
 132 1.1825472
 133 1.1949472
 134 1.2086257
 135 1.2236497
 136 1.2390118
 137 1.2562017
 138 1.2760859
 139 1.299203
 140 1.3259444
 141 1.3565189
 142 1.3857149
 143 1.4151706
 144 1.4411792
 145 1.4656515
 146 1.4880726
 147 1.5082877
 148 1.5290455
 149 1.5499661
 150 1.5704728
 151 1.59032
 152 1.6098036
 153 1.6292126
 154 1.6488199
 155 1.6845237
 156 1.7223794
 157 1.7596712
 158 1.7950393
 159 1.8278506
 160 1.862143
 161 1.895592
 162 1.9272563
 163 1.956919
 164 1.9845042
 165 2.0137732
 166 2.0412016
 167 2.0653915
 168 2.0861666
 169 2.1033382
 170 2.1166835
 171 2.1252925
 172 2.1302109
 173 2.133954
 174 2.150361
 175 2.1664848
 176 2.1826844
 177 2.1988163
 178 2.214684
 179 2.2300565
 180 2.2446795
 181 2.2582824
 182 2.2632332
 183 2.2658367
 184 2.2673194
 185 2.2684608
 186 2.2693927
 187 2.268958
 188 2.2685223
 189 2.2678342
 190 2.2670875
 191 2.2664697
 192 2.265933
 193 2.2653728
 194 2.264739
 195 2.2640667
 196 2.2634196
 197 2.2628174
 198 2.2622662
 199 2.26178
 200 2.2613614
 201 2.2701213
 202 2.2801375
 203 2.285814
 204 2.2913194
 205 2.297295
 206 2.3037324
 207 2.310604
 208 2.3178587
 209 2.3254566
 210 2.3297224
 211 2.3321543
 212 2.3315709
 213 2.3274899
 214 2.3233352
 215 2.3203936
 216 2.328422
 217 2.3374817
 218 2.341287
 219 2.344726
 220 2.3491817
 221 2.3541448
 222 2.359552
 223 2.36543
 224 2.3717825
 225 2.3783479
 226 2.3904338
 227 2.39858
 228 2.406108
 229 2.4140828
 230 2.4140797
 231 2.413775
 232 2.4134712
 233 2.413521
 234 2.4135962
 235 2.4136827
 236 2.4079094
 237 2.3979638
 238 2.3876503
 239 2.3796175
 240 2.3825295
 241 2.3865085
 242 2.390008
 243 2.3936615
 244 2.3976526
 245 2.401988
 246 2.4067216
 247 2.41191
 248 2.4139009
 249 2.4158742
 250 2.4186342
 251 2.4218736
 252 2.4254177
 253 2.4250927
 254 2.4237685
 255 2.4206443
 256 2.412301
 257 2.4045393
 258 2.404025
 259 2.4049015
 260 2.405757
 261 2.4070044
 262 2.4039063
 263 2.4008234
 264 2.3990183
 265 2.3960638
 266 2.3970387
 267 2.4052286
 268 2.4131699
 269 2.420979
 270 2.428773
 271 2.436708
 272 2.4448714
 273 2.453298
 274 2.4620566
 275 2.4711158
 276 2.4804618
 277 2.4876566
 278 2.4947524
 279 2.5021203
 280 2.5094688
 281 2.5132477
 282 2.513819
 283 2.5161278
 284 2.5197835
 285 2.5234613
 286 2.527077
 287 2.527659
 288 2.527377
 289 2.5292773
 290 2.532208
 291 2.5350661
 292 2.5377285
 293 2.5401483
 294 2.5421743
 295 2.543602
 296 2.5442286
 297 2.5436459
 298 2.541983
 299 2.5415812
 300 2.5412781
 301 2.5408475
 302 2.5396085
 303 2.5384831
 304 2.5372753
 305 2.539439
 306 2.5419815
 307 2.5442078
 308 2.5445566
 309 2.5444326
 310 2.545991
 311 2.548173
 312 2.5504417
 313 2.5527463
 314 2.5550375
 315 2.5548465
